# F-symbols of (Fib ⊠ Fib) ⋊ S₂
# Computed via TensorCategories.jl (gcrossed_product)
#
# Category: (Fib ⊠ Fib) ⋊ S₂   (G-crossed product with G = S₂)
# Rank: 8
# FPdim²: 4(ϕ+1)² ≈ 26.18  (ϕ = golden ratio = (1+√5)/2)
# Base ring: QQ(ϕ)
# Nonzero F-symbols: 1800
#
# Format: F[a,b,c,d,e,f] = value
#   (a,b,c) = input triple, d = output, (e,f) = multiplicity indices
#
# Simple objects (index → name):
#   1 = (𝟙 ⊠ 𝟙, e)     2 = (𝟙 ⊠ 𝟙, σ)
#   3 = (𝟙 ⊠ τ, e)      4 = (𝟙 ⊠ τ, σ)
#   5 = (τ ⊠ 𝟙, e)      6 = (τ ⊠ 𝟙, σ)
#   7 = (τ ⊠ τ, e)      8 = (τ ⊠ τ, σ)
#
# Verification: F-symbols match independent derivation via
#   ass[(i,g),(j,h),(k,l),(m,ghl)] = base.ass[i, T_g(j), T_{gh}(k), m]
# (0 differences across all 4096 blocks). Pentagon_axiom() in
# TensorCategories.jl fails due to a library bug in associator()
# for non-simple objects (summand ordering in block reassembly).
#
F[1, 1, 1, 1, 1, 1] = 1
F[1, 1, 2, 2, 2, 1] = 1
F[1, 1, 3, 3, 3, 1] = 1
F[1, 1, 4, 4, 4, 1] = 1
F[1, 1, 5, 5, 5, 1] = 1
F[1, 1, 6, 6, 6, 1] = 1
F[1, 1, 7, 7, 7, 1] = 1
F[1, 1, 8, 8, 8, 1] = 1
F[1, 2, 1, 2, 2, 2] = 1
F[1, 2, 2, 1, 1, 2] = 1
F[1, 2, 3, 6, 6, 2] = 1
F[1, 2, 4, 5, 5, 2] = 1
F[1, 2, 5, 4, 4, 2] = 1
F[1, 2, 6, 3, 3, 2] = 1
F[1, 2, 7, 8, 8, 2] = 1
F[1, 2, 8, 7, 7, 2] = 1
F[1, 3, 1, 3, 3, 3] = 1
F[1, 3, 2, 4, 4, 3] = 1
F[1, 3, 3, 1, 1, 3] = 1
F[1, 3, 3, 3, 3, 3] = 1
F[1, 3, 4, 2, 2, 3] = 1
F[1, 3, 4, 4, 4, 3] = 1
F[1, 3, 5, 7, 7, 3] = 1
F[1, 3, 6, 8, 8, 3] = 1
F[1, 3, 7, 5, 5, 3] = 1
F[1, 3, 7, 7, 7, 3] = 1
F[1, 3, 8, 6, 6, 3] = 1
F[1, 3, 8, 8, 8, 3] = 1
F[1, 4, 1, 4, 4, 4] = 1
F[1, 4, 2, 3, 3, 4] = 1
F[1, 4, 3, 8, 8, 4] = 1
F[1, 4, 4, 7, 7, 4] = 1
F[1, 4, 5, 2, 2, 4] = 1
F[1, 4, 5, 4, 4, 4] = 1
F[1, 4, 6, 1, 1, 4] = 1
F[1, 4, 6, 3, 3, 4] = 1
F[1, 4, 7, 6, 6, 4] = 1
F[1, 4, 7, 8, 8, 4] = 1
F[1, 4, 8, 5, 5, 4] = 1
F[1, 4, 8, 7, 7, 4] = 1
F[1, 5, 1, 5, 5, 5] = 1
F[1, 5, 2, 6, 6, 5] = 1
F[1, 5, 3, 7, 7, 5] = 1
F[1, 5, 4, 8, 8, 5] = 1
F[1, 5, 5, 1, 1, 5] = 1
F[1, 5, 5, 5, 5, 5] = 1
F[1, 5, 6, 2, 2, 5] = 1
F[1, 5, 6, 6, 6, 5] = 1
F[1, 5, 7, 3, 3, 5] = 1
F[1, 5, 7, 7, 7, 5] = 1
F[1, 5, 8, 4, 4, 5] = 1
F[1, 5, 8, 8, 8, 5] = 1
F[1, 6, 1, 6, 6, 6] = 1
F[1, 6, 2, 5, 5, 6] = 1
F[1, 6, 3, 2, 2, 6] = 1
F[1, 6, 3, 6, 6, 6] = 1
F[1, 6, 4, 1, 1, 6] = 1
F[1, 6, 4, 5, 5, 6] = 1
F[1, 6, 5, 8, 8, 6] = 1
F[1, 6, 6, 7, 7, 6] = 1
F[1, 6, 7, 4, 4, 6] = 1
F[1, 6, 7, 8, 8, 6] = 1
F[1, 6, 8, 3, 3, 6] = 1
F[1, 6, 8, 7, 7, 6] = 1
F[1, 7, 1, 7, 7, 7] = 1
F[1, 7, 2, 8, 8, 7] = 1
F[1, 7, 3, 5, 5, 7] = 1
F[1, 7, 3, 7, 7, 7] = 1
F[1, 7, 4, 6, 6, 7] = 1
F[1, 7, 4, 8, 8, 7] = 1
F[1, 7, 5, 3, 3, 7] = 1
F[1, 7, 5, 7, 7, 7] = 1
F[1, 7, 6, 4, 4, 7] = 1
F[1, 7, 6, 8, 8, 7] = 1
F[1, 7, 7, 1, 1, 7] = 1
F[1, 7, 7, 3, 3, 7] = 1
F[1, 7, 7, 5, 5, 7] = 1
F[1, 7, 7, 7, 7, 7] = 1
F[1, 7, 8, 2, 2, 7] = 1
F[1, 7, 8, 4, 4, 7] = 1
F[1, 7, 8, 6, 6, 7] = 1
F[1, 7, 8, 8, 8, 7] = 1
F[1, 8, 1, 8, 8, 8] = 1
F[1, 8, 2, 7, 7, 8] = 1
F[1, 8, 3, 4, 4, 8] = 1
F[1, 8, 3, 8, 8, 8] = 1
F[1, 8, 4, 3, 3, 8] = 1
F[1, 8, 4, 7, 7, 8] = 1
F[1, 8, 5, 6, 6, 8] = 1
F[1, 8, 5, 8, 8, 8] = 1
F[1, 8, 6, 5, 5, 8] = 1
F[1, 8, 6, 7, 7, 8] = 1
F[1, 8, 7, 2, 2, 8] = 1
F[1, 8, 7, 4, 4, 8] = 1
F[1, 8, 7, 6, 6, 8] = 1
F[1, 8, 7, 8, 8, 8] = 1
F[1, 8, 8, 1, 1, 8] = 1
F[1, 8, 8, 3, 3, 8] = 1
F[1, 8, 8, 5, 5, 8] = 1
F[1, 8, 8, 7, 7, 8] = 1
F[2, 1, 1, 2, 1, 2] = 1
F[2, 1, 2, 1, 2, 2] = 1
F[2, 1, 3, 6, 3, 2] = 1
F[2, 1, 4, 5, 4, 2] = 1
F[2, 1, 5, 4, 5, 2] = 1
F[2, 1, 6, 3, 6, 2] = 1
F[2, 1, 7, 8, 7, 2] = 1
F[2, 1, 8, 7, 8, 2] = 1
F[2, 2, 1, 1, 2, 1] = 1
F[2, 2, 2, 2, 1, 1] = 1
F[2, 2, 3, 3, 6, 1] = 1
F[2, 2, 4, 4, 5, 1] = 1
F[2, 2, 5, 5, 4, 1] = 1
F[2, 2, 6, 6, 3, 1] = 1
F[2, 2, 7, 7, 8, 1] = 1
F[2, 2, 8, 8, 7, 1] = 1
F[2, 3, 1, 6, 3, 6] = 1
F[2, 3, 2, 5, 4, 6] = 1
F[2, 3, 3, 2, 1, 6] = 1
F[2, 3, 3, 6, 3, 6] = 1
F[2, 3, 4, 1, 2, 6] = 1
F[2, 3, 4, 5, 4, 6] = 1
F[2, 3, 5, 8, 7, 6] = 1
F[2, 3, 6, 7, 8, 6] = 1
F[2, 3, 7, 4, 5, 6] = 1
F[2, 3, 7, 8, 7, 6] = 1
F[2, 3, 8, 3, 6, 6] = 1
F[2, 3, 8, 7, 8, 6] = 1
F[2, 4, 1, 5, 4, 5] = 1
F[2, 4, 2, 6, 3, 5] = 1
F[2, 4, 3, 7, 8, 5] = 1
F[2, 4, 4, 8, 7, 5] = 1
F[2, 4, 5, 1, 2, 5] = 1
F[2, 4, 5, 5, 4, 5] = 1
F[2, 4, 6, 2, 1, 5] = 1
F[2, 4, 6, 6, 3, 5] = 1
F[2, 4, 7, 3, 6, 5] = 1
F[2, 4, 7, 7, 8, 5] = 1
F[2, 4, 8, 4, 5, 5] = 1
F[2, 4, 8, 8, 7, 5] = 1
F[2, 5, 1, 4, 5, 4] = 1
F[2, 5, 2, 3, 6, 4] = 1
F[2, 5, 3, 8, 7, 4] = 1
F[2, 5, 4, 7, 8, 4] = 1
F[2, 5, 5, 2, 1, 4] = 1
F[2, 5, 5, 4, 5, 4] = 1
F[2, 5, 6, 1, 2, 4] = 1
F[2, 5, 6, 3, 6, 4] = 1
F[2, 5, 7, 6, 3, 4] = 1
F[2, 5, 7, 8, 7, 4] = 1
F[2, 5, 8, 5, 4, 4] = 1
F[2, 5, 8, 7, 8, 4] = 1
F[2, 6, 1, 3, 6, 3] = 1
F[2, 6, 2, 4, 5, 3] = 1
F[2, 6, 3, 1, 2, 3] = 1
F[2, 6, 3, 3, 6, 3] = 1
F[2, 6, 4, 2, 1, 3] = 1
F[2, 6, 4, 4, 5, 3] = 1
F[2, 6, 5, 7, 8, 3] = 1
F[2, 6, 6, 8, 7, 3] = 1
F[2, 6, 7, 5, 4, 3] = 1
F[2, 6, 7, 7, 8, 3] = 1
F[2, 6, 8, 6, 3, 3] = 1
F[2, 6, 8, 8, 7, 3] = 1
F[2, 7, 1, 8, 7, 8] = 1
F[2, 7, 2, 7, 8, 8] = 1
F[2, 7, 3, 4, 5, 8] = 1
F[2, 7, 3, 8, 7, 8] = 1
F[2, 7, 4, 3, 6, 8] = 1
F[2, 7, 4, 7, 8, 8] = 1
F[2, 7, 5, 6, 3, 8] = 1
F[2, 7, 5, 8, 7, 8] = 1
F[2, 7, 6, 5, 4, 8] = 1
F[2, 7, 6, 7, 8, 8] = 1
F[2, 7, 7, 2, 1, 8] = 1
F[2, 7, 7, 4, 5, 8] = 1
F[2, 7, 7, 6, 3, 8] = 1
F[2, 7, 7, 8, 7, 8] = 1
F[2, 7, 8, 1, 2, 8] = 1
F[2, 7, 8, 3, 6, 8] = 1
F[2, 7, 8, 5, 4, 8] = 1
F[2, 7, 8, 7, 8, 8] = 1
F[2, 8, 1, 7, 8, 7] = 1
F[2, 8, 2, 8, 7, 7] = 1
F[2, 8, 3, 5, 4, 7] = 1
F[2, 8, 3, 7, 8, 7] = 1
F[2, 8, 4, 6, 3, 7] = 1
F[2, 8, 4, 8, 7, 7] = 1
F[2, 8, 5, 3, 6, 7] = 1
F[2, 8, 5, 7, 8, 7] = 1
F[2, 8, 6, 4, 5, 7] = 1
F[2, 8, 6, 8, 7, 7] = 1
F[2, 8, 7, 1, 2, 7] = 1
F[2, 8, 7, 3, 6, 7] = 1
F[2, 8, 7, 5, 4, 7] = 1
F[2, 8, 7, 7, 8, 7] = 1
F[2, 8, 8, 2, 1, 7] = 1
F[2, 8, 8, 4, 5, 7] = 1
F[2, 8, 8, 6, 3, 7] = 1
F[2, 8, 8, 8, 7, 7] = 1
F[3, 1, 1, 3, 1, 3] = 1
F[3, 1, 2, 4, 2, 3] = 1
F[3, 1, 3, 1, 3, 3] = 1
F[3, 1, 3, 3, 3, 3] = 1
F[3, 1, 4, 2, 4, 3] = 1
F[3, 1, 4, 4, 4, 3] = 1
F[3, 1, 5, 7, 5, 3] = 1
F[3, 1, 6, 8, 6, 3] = 1
F[3, 1, 7, 5, 7, 3] = 1
F[3, 1, 7, 7, 7, 3] = 1
F[3, 1, 8, 6, 8, 3] = 1
F[3, 1, 8, 8, 8, 3] = 1
F[3, 2, 1, 4, 2, 4] = 1
F[3, 2, 2, 3, 1, 4] = 1
F[3, 2, 3, 8, 6, 4] = 1
F[3, 2, 4, 7, 5, 4] = 1
F[3, 2, 5, 2, 4, 4] = 1
F[3, 2, 5, 4, 4, 4] = 1
F[3, 2, 6, 1, 3, 4] = 1
F[3, 2, 6, 3, 3, 4] = 1
F[3, 2, 7, 6, 8, 4] = 1
F[3, 2, 7, 8, 8, 4] = 1
F[3, 2, 8, 5, 7, 4] = 1
F[3, 2, 8, 7, 7, 4] = 1
F[3, 3, 1, 1, 3, 1] = 1
F[3, 3, 1, 3, 3, 3] = 1
F[3, 3, 2, 2, 4, 1] = 1
F[3, 3, 2, 4, 4, 3] = 1
F[3, 3, 3, 1, 3, 3] = 1
F[3, 3, 3, 3, 1, 1] = -ϕ
F[3, 3, 3, 3, 1, 3] = -ϕ
F[3, 3, 3, 3, 3, 1] = 1
F[3, 3, 3, 3, 3, 3] = ϕ
F[3, 3, 4, 2, 4, 3] = 1
F[3, 3, 4, 4, 2, 1] = -ϕ
F[3, 3, 4, 4, 2, 3] = -ϕ
F[3, 3, 4, 4, 4, 1] = 1
F[3, 3, 4, 4, 4, 3] = ϕ
F[3, 3, 5, 5, 7, 1] = 1
F[3, 3, 5, 7, 7, 3] = 1
F[3, 3, 6, 6, 8, 1] = 1
F[3, 3, 6, 8, 8, 3] = 1
F[3, 3, 7, 5, 7, 3] = 1
F[3, 3, 7, 7, 5, 1] = -ϕ
F[3, 3, 7, 7, 5, 3] = -ϕ
F[3, 3, 7, 7, 7, 1] = 1
F[3, 3, 7, 7, 7, 3] = ϕ
F[3, 3, 8, 6, 8, 3] = 1
F[3, 3, 8, 8, 6, 1] = -ϕ
F[3, 3, 8, 8, 6, 3] = -ϕ
F[3, 3, 8, 8, 8, 1] = 1
F[3, 3, 8, 8, 8, 3] = ϕ
F[3, 4, 1, 2, 4, 2] = 1
F[3, 4, 1, 4, 4, 4] = 1
F[3, 4, 2, 1, 3, 2] = 1
F[3, 4, 2, 3, 3, 4] = 1
F[3, 4, 3, 6, 8, 2] = 1
F[3, 4, 3, 8, 8, 4] = 1
F[3, 4, 4, 5, 7, 2] = 1
F[3, 4, 4, 7, 7, 4] = 1
F[3, 4, 5, 2, 4, 4] = 1
F[3, 4, 5, 4, 2, 2] = -ϕ
F[3, 4, 5, 4, 2, 4] = -ϕ
F[3, 4, 5, 4, 4, 2] = 1
F[3, 4, 5, 4, 4, 4] = ϕ
F[3, 4, 6, 1, 3, 4] = 1
F[3, 4, 6, 3, 1, 2] = -ϕ
F[3, 4, 6, 3, 1, 4] = -ϕ
F[3, 4, 6, 3, 3, 2] = 1
F[3, 4, 6, 3, 3, 4] = ϕ
F[3, 4, 7, 6, 8, 4] = 1
F[3, 4, 7, 8, 6, 2] = -ϕ
F[3, 4, 7, 8, 6, 4] = -ϕ
F[3, 4, 7, 8, 8, 2] = 1
F[3, 4, 7, 8, 8, 4] = ϕ
F[3, 4, 8, 5, 7, 4] = 1
F[3, 4, 8, 7, 5, 2] = -ϕ
F[3, 4, 8, 7, 5, 4] = -ϕ
F[3, 4, 8, 7, 7, 2] = 1
F[3, 4, 8, 7, 7, 4] = ϕ
F[3, 5, 1, 7, 5, 7] = 1
F[3, 5, 2, 8, 6, 7] = 1
F[3, 5, 3, 5, 7, 7] = 1
F[3, 5, 3, 7, 7, 7] = 1
F[3, 5, 4, 6, 8, 7] = 1
F[3, 5, 4, 8, 8, 7] = 1
F[3, 5, 5, 3, 1, 7] = 1
F[3, 5, 5, 7, 5, 7] = 1
F[3, 5, 6, 4, 2, 7] = 1
F[3, 5, 6, 8, 6, 7] = 1
F[3, 5, 7, 1, 3, 7] = 1
F[3, 5, 7, 3, 3, 7] = 1
F[3, 5, 7, 5, 7, 7] = 1
F[3, 5, 7, 7, 7, 7] = 1
F[3, 5, 8, 2, 4, 7] = 1
F[3, 5, 8, 4, 4, 7] = 1
F[3, 5, 8, 6, 8, 7] = 1
F[3, 5, 8, 8, 8, 7] = 1
F[3, 6, 1, 8, 6, 8] = 1
F[3, 6, 2, 7, 5, 8] = 1
F[3, 6, 3, 4, 2, 8] = 1
F[3, 6, 3, 8, 6, 8] = 1
F[3, 6, 4, 3, 1, 8] = 1
F[3, 6, 4, 7, 5, 8] = 1
F[3, 6, 5, 6, 8, 8] = 1
F[3, 6, 5, 8, 8, 8] = 1
F[3, 6, 6, 5, 7, 8] = 1
F[3, 6, 6, 7, 7, 8] = 1
F[3, 6, 7, 2, 4, 8] = 1
F[3, 6, 7, 4, 4, 8] = 1
F[3, 6, 7, 6, 8, 8] = 1
F[3, 6, 7, 8, 8, 8] = 1
F[3, 6, 8, 1, 3, 8] = 1
F[3, 6, 8, 3, 3, 8] = 1
F[3, 6, 8, 5, 7, 8] = 1
F[3, 6, 8, 7, 7, 8] = 1
F[3, 7, 1, 5, 7, 5] = 1
F[3, 7, 1, 7, 7, 7] = 1
F[3, 7, 2, 6, 8, 5] = 1
F[3, 7, 2, 8, 8, 7] = 1
F[3, 7, 3, 5, 7, 7] = 1
F[3, 7, 3, 7, 5, 5] = -ϕ
F[3, 7, 3, 7, 5, 7] = -ϕ
F[3, 7, 3, 7, 7, 5] = 1
F[3, 7, 3, 7, 7, 7] = ϕ
F[3, 7, 4, 6, 8, 7] = 1
F[3, 7, 4, 8, 6, 5] = -ϕ
F[3, 7, 4, 8, 6, 7] = -ϕ
F[3, 7, 4, 8, 8, 5] = 1
F[3, 7, 4, 8, 8, 7] = ϕ
F[3, 7, 5, 1, 3, 5] = 1
F[3, 7, 5, 3, 3, 7] = 1
F[3, 7, 5, 5, 7, 5] = 1
F[3, 7, 5, 7, 7, 7] = 1
F[3, 7, 6, 2, 4, 5] = 1
F[3, 7, 6, 4, 4, 7] = 1
F[3, 7, 6, 6, 8, 5] = 1
F[3, 7, 6, 8, 8, 7] = 1
F[3, 7, 7, 1, 3, 7] = 1
F[3, 7, 7, 3, 1, 5] = -ϕ
F[3, 7, 7, 3, 1, 7] = -ϕ
F[3, 7, 7, 3, 3, 5] = 1
F[3, 7, 7, 3, 3, 7] = ϕ
F[3, 7, 7, 5, 7, 7] = 1
F[3, 7, 7, 7, 5, 5] = -ϕ
F[3, 7, 7, 7, 5, 7] = -ϕ
F[3, 7, 7, 7, 7, 5] = 1
F[3, 7, 7, 7, 7, 7] = ϕ
F[3, 7, 8, 2, 4, 7] = 1
F[3, 7, 8, 4, 2, 5] = -ϕ
F[3, 7, 8, 4, 2, 7] = -ϕ
F[3, 7, 8, 4, 4, 5] = 1
F[3, 7, 8, 4, 4, 7] = ϕ
F[3, 7, 8, 6, 8, 7] = 1
F[3, 7, 8, 8, 6, 5] = -ϕ
F[3, 7, 8, 8, 6, 7] = -ϕ
F[3, 7, 8, 8, 8, 5] = 1
F[3, 7, 8, 8, 8, 7] = ϕ
F[3, 8, 1, 6, 8, 6] = 1
F[3, 8, 1, 8, 8, 8] = 1
F[3, 8, 2, 5, 7, 6] = 1
F[3, 8, 2, 7, 7, 8] = 1
F[3, 8, 3, 2, 4, 6] = 1
F[3, 8, 3, 4, 4, 8] = 1
F[3, 8, 3, 6, 8, 6] = 1
F[3, 8, 3, 8, 8, 8] = 1
F[3, 8, 4, 1, 3, 6] = 1
F[3, 8, 4, 3, 3, 8] = 1
F[3, 8, 4, 5, 7, 6] = 1
F[3, 8, 4, 7, 7, 8] = 1
F[3, 8, 5, 6, 8, 8] = 1
F[3, 8, 5, 8, 6, 6] = -ϕ
F[3, 8, 5, 8, 6, 8] = -ϕ
F[3, 8, 5, 8, 8, 6] = 1
F[3, 8, 5, 8, 8, 8] = ϕ
F[3, 8, 6, 5, 7, 8] = 1
F[3, 8, 6, 7, 5, 6] = -ϕ
F[3, 8, 6, 7, 5, 8] = -ϕ
F[3, 8, 6, 7, 7, 6] = 1
F[3, 8, 6, 7, 7, 8] = ϕ
F[3, 8, 7, 2, 4, 8] = 1
F[3, 8, 7, 4, 2, 6] = -ϕ
F[3, 8, 7, 4, 2, 8] = -ϕ
F[3, 8, 7, 4, 4, 6] = 1
F[3, 8, 7, 4, 4, 8] = ϕ
F[3, 8, 7, 6, 8, 8] = 1
F[3, 8, 7, 8, 6, 6] = -ϕ
F[3, 8, 7, 8, 6, 8] = -ϕ
F[3, 8, 7, 8, 8, 6] = 1
F[3, 8, 7, 8, 8, 8] = ϕ
F[3, 8, 8, 1, 3, 8] = 1
F[3, 8, 8, 3, 1, 6] = -ϕ
F[3, 8, 8, 3, 1, 8] = -ϕ
F[3, 8, 8, 3, 3, 6] = 1
F[3, 8, 8, 3, 3, 8] = ϕ
F[3, 8, 8, 5, 7, 8] = 1
F[3, 8, 8, 7, 5, 6] = -ϕ
F[3, 8, 8, 7, 5, 8] = -ϕ
F[3, 8, 8, 7, 7, 6] = 1
F[3, 8, 8, 7, 7, 8] = ϕ
F[4, 1, 1, 4, 1, 4] = 1
F[4, 1, 2, 3, 2, 4] = 1
F[4, 1, 3, 8, 3, 4] = 1
F[4, 1, 4, 7, 4, 4] = 1
F[4, 1, 5, 2, 5, 4] = 1
F[4, 1, 5, 4, 5, 4] = 1
F[4, 1, 6, 1, 6, 4] = 1
F[4, 1, 6, 3, 6, 4] = 1
F[4, 1, 7, 6, 7, 4] = 1
F[4, 1, 7, 8, 7, 4] = 1
F[4, 1, 8, 5, 8, 4] = 1
F[4, 1, 8, 7, 8, 4] = 1
F[4, 2, 1, 3, 2, 3] = 1
F[4, 2, 2, 4, 1, 3] = 1
F[4, 2, 3, 1, 6, 3] = 1
F[4, 2, 3, 3, 6, 3] = 1
F[4, 2, 4, 2, 5, 3] = 1
F[4, 2, 4, 4, 5, 3] = 1
F[4, 2, 5, 7, 4, 3] = 1
F[4, 2, 6, 8, 3, 3] = 1
F[4, 2, 7, 5, 8, 3] = 1
F[4, 2, 7, 7, 8, 3] = 1
F[4, 2, 8, 6, 7, 3] = 1
F[4, 2, 8, 8, 7, 3] = 1
F[4, 3, 1, 8, 3, 8] = 1
F[4, 3, 2, 7, 4, 8] = 1
F[4, 3, 3, 4, 1, 8] = 1
F[4, 3, 3, 8, 3, 8] = 1
F[4, 3, 4, 3, 2, 8] = 1
F[4, 3, 4, 7, 4, 8] = 1
F[4, 3, 5, 6, 7, 8] = 1
F[4, 3, 5, 8, 7, 8] = 1
F[4, 3, 6, 5, 8, 8] = 1
F[4, 3, 6, 7, 8, 8] = 1
F[4, 3, 7, 2, 5, 8] = 1
F[4, 3, 7, 4, 5, 8] = 1
F[4, 3, 7, 6, 7, 8] = 1
F[4, 3, 7, 8, 7, 8] = 1
F[4, 3, 8, 1, 6, 8] = 1
F[4, 3, 8, 3, 6, 8] = 1
F[4, 3, 8, 5, 8, 8] = 1
F[4, 3, 8, 7, 8, 8] = 1
F[4, 4, 1, 7, 4, 7] = 1
F[4, 4, 2, 8, 3, 7] = 1
F[4, 4, 3, 5, 8, 7] = 1
F[4, 4, 3, 7, 8, 7] = 1
F[4, 4, 4, 6, 7, 7] = 1
F[4, 4, 4, 8, 7, 7] = 1
F[4, 4, 5, 3, 2, 7] = 1
F[4, 4, 5, 7, 4, 7] = 1
F[4, 4, 6, 4, 1, 7] = 1
F[4, 4, 6, 8, 3, 7] = 1
F[4, 4, 7, 1, 6, 7] = 1
F[4, 4, 7, 3, 6, 7] = 1
F[4, 4, 7, 5, 8, 7] = 1
F[4, 4, 7, 7, 8, 7] = 1
F[4, 4, 8, 2, 5, 7] = 1
F[4, 4, 8, 4, 5, 7] = 1
F[4, 4, 8, 6, 7, 7] = 1
F[4, 4, 8, 8, 7, 7] = 1
F[4, 5, 1, 2, 5, 2] = 1
F[4, 5, 1, 4, 5, 4] = 1
F[4, 5, 2, 1, 6, 2] = 1
F[4, 5, 2, 3, 6, 4] = 1
F[4, 5, 3, 6, 7, 2] = 1
F[4, 5, 3, 8, 7, 4] = 1
F[4, 5, 4, 5, 8, 2] = 1
F[4, 5, 4, 7, 8, 4] = 1
F[4, 5, 5, 2, 5, 4] = 1
F[4, 5, 5, 4, 1, 2] = -ϕ
F[4, 5, 5, 4, 1, 4] = -ϕ
F[4, 5, 5, 4, 5, 2] = 1
F[4, 5, 5, 4, 5, 4] = ϕ
F[4, 5, 6, 1, 6, 4] = 1
F[4, 5, 6, 3, 2, 2] = -ϕ
F[4, 5, 6, 3, 2, 4] = -ϕ
F[4, 5, 6, 3, 6, 2] = 1
F[4, 5, 6, 3, 6, 4] = ϕ
F[4, 5, 7, 6, 7, 4] = 1
F[4, 5, 7, 8, 3, 2] = -ϕ
F[4, 5, 7, 8, 3, 4] = -ϕ
F[4, 5, 7, 8, 7, 2] = 1
F[4, 5, 7, 8, 7, 4] = ϕ
F[4, 5, 8, 5, 8, 4] = 1
F[4, 5, 8, 7, 4, 2] = -ϕ
F[4, 5, 8, 7, 4, 4] = -ϕ
F[4, 5, 8, 7, 8, 2] = 1
F[4, 5, 8, 7, 8, 4] = ϕ
F[4, 6, 1, 1, 6, 1] = 1
F[4, 6, 1, 3, 6, 3] = 1
F[4, 6, 2, 2, 5, 1] = 1
F[4, 6, 2, 4, 5, 3] = 1
F[4, 6, 3, 1, 6, 3] = 1
F[4, 6, 3, 3, 2, 1] = -ϕ
F[4, 6, 3, 3, 2, 3] = -ϕ
F[4, 6, 3, 3, 6, 1] = 1
F[4, 6, 3, 3, 6, 3] = ϕ
F[4, 6, 4, 2, 5, 3] = 1
F[4, 6, 4, 4, 1, 1] = -ϕ
F[4, 6, 4, 4, 1, 3] = -ϕ
F[4, 6, 4, 4, 5, 1] = 1
F[4, 6, 4, 4, 5, 3] = ϕ
F[4, 6, 5, 5, 8, 1] = 1
F[4, 6, 5, 7, 8, 3] = 1
F[4, 6, 6, 6, 7, 1] = 1
F[4, 6, 6, 8, 7, 3] = 1
F[4, 6, 7, 5, 8, 3] = 1
F[4, 6, 7, 7, 4, 1] = -ϕ
F[4, 6, 7, 7, 4, 3] = -ϕ
F[4, 6, 7, 7, 8, 1] = 1
F[4, 6, 7, 7, 8, 3] = ϕ
F[4, 6, 8, 6, 7, 3] = 1
F[4, 6, 8, 8, 3, 1] = -ϕ
F[4, 6, 8, 8, 3, 3] = -ϕ
F[4, 6, 8, 8, 7, 1] = 1
F[4, 6, 8, 8, 7, 3] = ϕ
F[4, 7, 1, 6, 7, 6] = 1
F[4, 7, 1, 8, 7, 8] = 1
F[4, 7, 2, 5, 8, 6] = 1
F[4, 7, 2, 7, 8, 8] = 1
F[4, 7, 3, 2, 5, 6] = 1
F[4, 7, 3, 4, 5, 8] = 1
F[4, 7, 3, 6, 7, 6] = 1
F[4, 7, 3, 8, 7, 8] = 1
F[4, 7, 4, 1, 6, 6] = 1
F[4, 7, 4, 3, 6, 8] = 1
F[4, 7, 4, 5, 8, 6] = 1
F[4, 7, 4, 7, 8, 8] = 1
F[4, 7, 5, 6, 7, 8] = 1
F[4, 7, 5, 8, 3, 6] = -ϕ
F[4, 7, 5, 8, 3, 8] = -ϕ
F[4, 7, 5, 8, 7, 6] = 1
F[4, 7, 5, 8, 7, 8] = ϕ
F[4, 7, 6, 5, 8, 8] = 1
F[4, 7, 6, 7, 4, 6] = -ϕ
F[4, 7, 6, 7, 4, 8] = -ϕ
F[4, 7, 6, 7, 8, 6] = 1
F[4, 7, 6, 7, 8, 8] = ϕ
F[4, 7, 7, 2, 5, 8] = 1
F[4, 7, 7, 4, 1, 6] = -ϕ
F[4, 7, 7, 4, 1, 8] = -ϕ
F[4, 7, 7, 4, 5, 6] = 1
F[4, 7, 7, 4, 5, 8] = ϕ
F[4, 7, 7, 6, 7, 8] = 1
F[4, 7, 7, 8, 3, 6] = -ϕ
F[4, 7, 7, 8, 3, 8] = -ϕ
F[4, 7, 7, 8, 7, 6] = 1
F[4, 7, 7, 8, 7, 8] = ϕ
F[4, 7, 8, 1, 6, 8] = 1
F[4, 7, 8, 3, 2, 6] = -ϕ
F[4, 7, 8, 3, 2, 8] = -ϕ
F[4, 7, 8, 3, 6, 6] = 1
F[4, 7, 8, 3, 6, 8] = ϕ
F[4, 7, 8, 5, 8, 8] = 1
F[4, 7, 8, 7, 4, 6] = -ϕ
F[4, 7, 8, 7, 4, 8] = -ϕ
F[4, 7, 8, 7, 8, 6] = 1
F[4, 7, 8, 7, 8, 8] = ϕ
F[4, 8, 1, 5, 8, 5] = 1
F[4, 8, 1, 7, 8, 7] = 1
F[4, 8, 2, 6, 7, 5] = 1
F[4, 8, 2, 8, 7, 7] = 1
F[4, 8, 3, 5, 8, 7] = 1
F[4, 8, 3, 7, 4, 5] = -ϕ
F[4, 8, 3, 7, 4, 7] = -ϕ
F[4, 8, 3, 7, 8, 5] = 1
F[4, 8, 3, 7, 8, 7] = ϕ
F[4, 8, 4, 6, 7, 7] = 1
F[4, 8, 4, 8, 3, 5] = -ϕ
F[4, 8, 4, 8, 3, 7] = -ϕ
F[4, 8, 4, 8, 7, 5] = 1
F[4, 8, 4, 8, 7, 7] = ϕ
F[4, 8, 5, 1, 6, 5] = 1
F[4, 8, 5, 3, 6, 7] = 1
F[4, 8, 5, 5, 8, 5] = 1
F[4, 8, 5, 7, 8, 7] = 1
F[4, 8, 6, 2, 5, 5] = 1
F[4, 8, 6, 4, 5, 7] = 1
F[4, 8, 6, 6, 7, 5] = 1
F[4, 8, 6, 8, 7, 7] = 1
F[4, 8, 7, 1, 6, 7] = 1
F[4, 8, 7, 3, 2, 5] = -ϕ
F[4, 8, 7, 3, 2, 7] = -ϕ
F[4, 8, 7, 3, 6, 5] = 1
F[4, 8, 7, 3, 6, 7] = ϕ
F[4, 8, 7, 5, 8, 7] = 1
F[4, 8, 7, 7, 4, 5] = -ϕ
F[4, 8, 7, 7, 4, 7] = -ϕ
F[4, 8, 7, 7, 8, 5] = 1
F[4, 8, 7, 7, 8, 7] = ϕ
F[4, 8, 8, 2, 5, 7] = 1
F[4, 8, 8, 4, 1, 5] = -ϕ
F[4, 8, 8, 4, 1, 7] = -ϕ
F[4, 8, 8, 4, 5, 5] = 1
F[4, 8, 8, 4, 5, 7] = ϕ
F[4, 8, 8, 6, 7, 7] = 1
F[4, 8, 8, 8, 3, 5] = -ϕ
F[4, 8, 8, 8, 3, 7] = -ϕ
F[4, 8, 8, 8, 7, 5] = 1
F[4, 8, 8, 8, 7, 7] = ϕ
F[5, 1, 1, 5, 1, 5] = 1
F[5, 1, 2, 6, 2, 5] = 1
F[5, 1, 3, 7, 3, 5] = 1
F[5, 1, 4, 8, 4, 5] = 1
F[5, 1, 5, 1, 5, 5] = 1
F[5, 1, 5, 5, 5, 5] = 1
F[5, 1, 6, 2, 6, 5] = 1
F[5, 1, 6, 6, 6, 5] = 1
F[5, 1, 7, 3, 7, 5] = 1
F[5, 1, 7, 7, 7, 5] = 1
F[5, 1, 8, 4, 8, 5] = 1
F[5, 1, 8, 8, 8, 5] = 1
F[5, 2, 1, 6, 2, 6] = 1
F[5, 2, 2, 5, 1, 6] = 1
F[5, 2, 3, 2, 6, 6] = 1
F[5, 2, 3, 6, 6, 6] = 1
F[5, 2, 4, 1, 5, 6] = 1
F[5, 2, 4, 5, 5, 6] = 1
F[5, 2, 5, 8, 4, 6] = 1
F[5, 2, 6, 7, 3, 6] = 1
F[5, 2, 7, 4, 8, 6] = 1
F[5, 2, 7, 8, 8, 6] = 1
F[5, 2, 8, 3, 7, 6] = 1
F[5, 2, 8, 7, 7, 6] = 1
F[5, 3, 1, 7, 3, 7] = 1
F[5, 3, 2, 8, 4, 7] = 1
F[5, 3, 3, 5, 1, 7] = 1
F[5, 3, 3, 7, 3, 7] = 1
F[5, 3, 4, 6, 2, 7] = 1
F[5, 3, 4, 8, 4, 7] = 1
F[5, 3, 5, 3, 7, 7] = 1
F[5, 3, 5, 7, 7, 7] = 1
F[5, 3, 6, 4, 8, 7] = 1
F[5, 3, 6, 8, 8, 7] = 1
F[5, 3, 7, 1, 5, 7] = 1
F[5, 3, 7, 3, 7, 7] = 1
F[5, 3, 7, 5, 5, 7] = 1
F[5, 3, 7, 7, 7, 7] = 1
F[5, 3, 8, 2, 6, 7] = 1
F[5, 3, 8, 4, 8, 7] = 1
F[5, 3, 8, 6, 6, 7] = 1
F[5, 3, 8, 8, 8, 7] = 1
F[5, 4, 1, 8, 4, 8] = 1
F[5, 4, 2, 7, 3, 8] = 1
F[5, 4, 3, 4, 8, 8] = 1
F[5, 4, 3, 8, 8, 8] = 1
F[5, 4, 4, 3, 7, 8] = 1
F[5, 4, 4, 7, 7, 8] = 1
F[5, 4, 5, 6, 2, 8] = 1
F[5, 4, 5, 8, 4, 8] = 1
F[5, 4, 6, 5, 1, 8] = 1
F[5, 4, 6, 7, 3, 8] = 1
F[5, 4, 7, 2, 6, 8] = 1
F[5, 4, 7, 4, 8, 8] = 1
F[5, 4, 7, 6, 6, 8] = 1
F[5, 4, 7, 8, 8, 8] = 1
F[5, 4, 8, 1, 5, 8] = 1
F[5, 4, 8, 3, 7, 8] = 1
F[5, 4, 8, 5, 5, 8] = 1
F[5, 4, 8, 7, 7, 8] = 1
F[5, 5, 1, 1, 5, 1] = 1
F[5, 5, 1, 5, 5, 5] = 1
F[5, 5, 2, 2, 6, 1] = 1
F[5, 5, 2, 6, 6, 5] = 1
F[5, 5, 3, 3, 7, 1] = 1
F[5, 5, 3, 7, 7, 5] = 1
F[5, 5, 4, 4, 8, 1] = 1
F[5, 5, 4, 8, 8, 5] = 1
F[5, 5, 5, 1, 5, 5] = 1
F[5, 5, 5, 5, 1, 1] = -ϕ
F[5, 5, 5, 5, 1, 5] = -ϕ
F[5, 5, 5, 5, 5, 1] = 1
F[5, 5, 5, 5, 5, 5] = ϕ
F[5, 5, 6, 2, 6, 5] = 1
F[5, 5, 6, 6, 2, 1] = -ϕ
F[5, 5, 6, 6, 2, 5] = -ϕ
F[5, 5, 6, 6, 6, 1] = 1
F[5, 5, 6, 6, 6, 5] = ϕ
F[5, 5, 7, 3, 7, 5] = 1
F[5, 5, 7, 7, 3, 1] = -ϕ
F[5, 5, 7, 7, 3, 5] = -ϕ
F[5, 5, 7, 7, 7, 1] = 1
F[5, 5, 7, 7, 7, 5] = ϕ
F[5, 5, 8, 4, 8, 5] = 1
F[5, 5, 8, 8, 4, 1] = -ϕ
F[5, 5, 8, 8, 4, 5] = -ϕ
F[5, 5, 8, 8, 8, 1] = 1
F[5, 5, 8, 8, 8, 5] = ϕ
F[5, 6, 1, 2, 6, 2] = 1
F[5, 6, 1, 6, 6, 6] = 1
F[5, 6, 2, 1, 5, 2] = 1
F[5, 6, 2, 5, 5, 6] = 1
F[5, 6, 3, 2, 6, 6] = 1
F[5, 6, 3, 6, 2, 2] = -ϕ
F[5, 6, 3, 6, 2, 6] = -ϕ
F[5, 6, 3, 6, 6, 2] = 1
F[5, 6, 3, 6, 6, 6] = ϕ
F[5, 6, 4, 1, 5, 6] = 1
F[5, 6, 4, 5, 1, 2] = -ϕ
F[5, 6, 4, 5, 1, 6] = -ϕ
F[5, 6, 4, 5, 5, 2] = 1
F[5, 6, 4, 5, 5, 6] = ϕ
F[5, 6, 5, 4, 8, 2] = 1
F[5, 6, 5, 8, 8, 6] = 1
F[5, 6, 6, 3, 7, 2] = 1
F[5, 6, 6, 7, 7, 6] = 1
F[5, 6, 7, 4, 8, 6] = 1
F[5, 6, 7, 8, 4, 2] = -ϕ
F[5, 6, 7, 8, 4, 6] = -ϕ
F[5, 6, 7, 8, 8, 2] = 1
F[5, 6, 7, 8, 8, 6] = ϕ
F[5, 6, 8, 3, 7, 6] = 1
F[5, 6, 8, 7, 3, 2] = -ϕ
F[5, 6, 8, 7, 3, 6] = -ϕ
F[5, 6, 8, 7, 7, 2] = 1
F[5, 6, 8, 7, 7, 6] = ϕ
F[5, 7, 1, 3, 7, 3] = 1
F[5, 7, 1, 7, 7, 7] = 1
F[5, 7, 2, 4, 8, 3] = 1
F[5, 7, 2, 8, 8, 7] = 1
F[5, 7, 3, 1, 5, 3] = 1
F[5, 7, 3, 3, 7, 3] = 1
F[5, 7, 3, 5, 5, 7] = 1
F[5, 7, 3, 7, 7, 7] = 1
F[5, 7, 4, 2, 6, 3] = 1
F[5, 7, 4, 4, 8, 3] = 1
F[5, 7, 4, 6, 6, 7] = 1
F[5, 7, 4, 8, 8, 7] = 1
F[5, 7, 5, 3, 7, 7] = 1
F[5, 7, 5, 7, 3, 3] = -ϕ
F[5, 7, 5, 7, 3, 7] = -ϕ
F[5, 7, 5, 7, 7, 3] = 1
F[5, 7, 5, 7, 7, 7] = ϕ
F[5, 7, 6, 4, 8, 7] = 1
F[5, 7, 6, 8, 4, 3] = -ϕ
F[5, 7, 6, 8, 4, 7] = -ϕ
F[5, 7, 6, 8, 8, 3] = 1
F[5, 7, 6, 8, 8, 7] = ϕ
F[5, 7, 7, 1, 5, 7] = 1
F[5, 7, 7, 3, 7, 7] = 1
F[5, 7, 7, 5, 1, 3] = -ϕ
F[5, 7, 7, 5, 1, 7] = -ϕ
F[5, 7, 7, 5, 5, 3] = 1
F[5, 7, 7, 5, 5, 7] = ϕ
F[5, 7, 7, 7, 3, 3] = -ϕ
F[5, 7, 7, 7, 3, 7] = -ϕ
F[5, 7, 7, 7, 7, 3] = 1
F[5, 7, 7, 7, 7, 7] = ϕ
F[5, 7, 8, 2, 6, 7] = 1
F[5, 7, 8, 4, 8, 7] = 1
F[5, 7, 8, 6, 2, 3] = -ϕ
F[5, 7, 8, 6, 2, 7] = -ϕ
F[5, 7, 8, 6, 6, 3] = 1
F[5, 7, 8, 6, 6, 7] = ϕ
F[5, 7, 8, 8, 4, 3] = -ϕ
F[5, 7, 8, 8, 4, 7] = -ϕ
F[5, 7, 8, 8, 8, 3] = 1
F[5, 7, 8, 8, 8, 7] = ϕ
F[5, 8, 1, 4, 8, 4] = 1
F[5, 8, 1, 8, 8, 8] = 1
F[5, 8, 2, 3, 7, 4] = 1
F[5, 8, 2, 7, 7, 8] = 1
F[5, 8, 3, 4, 8, 8] = 1
F[5, 8, 3, 8, 4, 4] = -ϕ
F[5, 8, 3, 8, 4, 8] = -ϕ
F[5, 8, 3, 8, 8, 4] = 1
F[5, 8, 3, 8, 8, 8] = ϕ
F[5, 8, 4, 3, 7, 8] = 1
F[5, 8, 4, 7, 3, 4] = -ϕ
F[5, 8, 4, 7, 3, 8] = -ϕ
F[5, 8, 4, 7, 7, 4] = 1
F[5, 8, 4, 7, 7, 8] = ϕ
F[5, 8, 5, 2, 6, 4] = 1
F[5, 8, 5, 4, 8, 4] = 1
F[5, 8, 5, 6, 6, 8] = 1
F[5, 8, 5, 8, 8, 8] = 1
F[5, 8, 6, 1, 5, 4] = 1
F[5, 8, 6, 3, 7, 4] = 1
F[5, 8, 6, 5, 5, 8] = 1
F[5, 8, 6, 7, 7, 8] = 1
F[5, 8, 7, 2, 6, 8] = 1
F[5, 8, 7, 4, 8, 8] = 1
F[5, 8, 7, 6, 2, 4] = -ϕ
F[5, 8, 7, 6, 2, 8] = -ϕ
F[5, 8, 7, 6, 6, 4] = 1
F[5, 8, 7, 6, 6, 8] = ϕ
F[5, 8, 7, 8, 4, 4] = -ϕ
F[5, 8, 7, 8, 4, 8] = -ϕ
F[5, 8, 7, 8, 8, 4] = 1
F[5, 8, 7, 8, 8, 8] = ϕ
F[5, 8, 8, 1, 5, 8] = 1
F[5, 8, 8, 3, 7, 8] = 1
F[5, 8, 8, 5, 1, 4] = -ϕ
F[5, 8, 8, 5, 1, 8] = -ϕ
F[5, 8, 8, 5, 5, 4] = 1
F[5, 8, 8, 5, 5, 8] = ϕ
F[5, 8, 8, 7, 3, 4] = -ϕ
F[5, 8, 8, 7, 3, 8] = -ϕ
F[5, 8, 8, 7, 7, 4] = 1
F[5, 8, 8, 7, 7, 8] = ϕ
F[6, 1, 1, 6, 1, 6] = 1
F[6, 1, 2, 5, 2, 6] = 1
F[6, 1, 3, 2, 3, 6] = 1
F[6, 1, 3, 6, 3, 6] = 1
F[6, 1, 4, 1, 4, 6] = 1
F[6, 1, 4, 5, 4, 6] = 1
F[6, 1, 5, 8, 5, 6] = 1
F[6, 1, 6, 7, 6, 6] = 1
F[6, 1, 7, 4, 7, 6] = 1
F[6, 1, 7, 8, 7, 6] = 1
F[6, 1, 8, 3, 8, 6] = 1
F[6, 1, 8, 7, 8, 6] = 1
F[6, 2, 1, 5, 2, 5] = 1
F[6, 2, 2, 6, 1, 5] = 1
F[6, 2, 3, 7, 6, 5] = 1
F[6, 2, 4, 8, 5, 5] = 1
F[6, 2, 5, 1, 4, 5] = 1
F[6, 2, 5, 5, 4, 5] = 1
F[6, 2, 6, 2, 3, 5] = 1
F[6, 2, 6, 6, 3, 5] = 1
F[6, 2, 7, 3, 8, 5] = 1
F[6, 2, 7, 7, 8, 5] = 1
F[6, 2, 8, 4, 7, 5] = 1
F[6, 2, 8, 8, 7, 5] = 1
F[6, 3, 1, 2, 3, 2] = 1
F[6, 3, 1, 6, 3, 6] = 1
F[6, 3, 2, 1, 4, 2] = 1
F[6, 3, 2, 5, 4, 6] = 1
F[6, 3, 3, 2, 3, 6] = 1
F[6, 3, 3, 6, 1, 2] = -ϕ
F[6, 3, 3, 6, 1, 6] = -ϕ
F[6, 3, 3, 6, 3, 2] = 1
F[6, 3, 3, 6, 3, 6] = ϕ
F[6, 3, 4, 1, 4, 6] = 1
F[6, 3, 4, 5, 2, 2] = -ϕ
F[6, 3, 4, 5, 2, 6] = -ϕ
F[6, 3, 4, 5, 4, 2] = 1
F[6, 3, 4, 5, 4, 6] = ϕ
F[6, 3, 5, 4, 7, 2] = 1
F[6, 3, 5, 8, 7, 6] = 1
F[6, 3, 6, 3, 8, 2] = 1
F[6, 3, 6, 7, 8, 6] = 1
F[6, 3, 7, 4, 7, 6] = 1
F[6, 3, 7, 8, 5, 2] = -ϕ
F[6, 3, 7, 8, 5, 6] = -ϕ
F[6, 3, 7, 8, 7, 2] = 1
F[6, 3, 7, 8, 7, 6] = ϕ
F[6, 3, 8, 3, 8, 6] = 1
F[6, 3, 8, 7, 6, 2] = -ϕ
F[6, 3, 8, 7, 6, 6] = -ϕ
F[6, 3, 8, 7, 8, 2] = 1
F[6, 3, 8, 7, 8, 6] = ϕ
F[6, 4, 1, 1, 4, 1] = 1
F[6, 4, 1, 5, 4, 5] = 1
F[6, 4, 2, 2, 3, 1] = 1
F[6, 4, 2, 6, 3, 5] = 1
F[6, 4, 3, 3, 8, 1] = 1
F[6, 4, 3, 7, 8, 5] = 1
F[6, 4, 4, 4, 7, 1] = 1
F[6, 4, 4, 8, 7, 5] = 1
F[6, 4, 5, 1, 4, 5] = 1
F[6, 4, 5, 5, 2, 1] = -ϕ
F[6, 4, 5, 5, 2, 5] = -ϕ
F[6, 4, 5, 5, 4, 1] = 1
F[6, 4, 5, 5, 4, 5] = ϕ
F[6, 4, 6, 2, 3, 5] = 1
F[6, 4, 6, 6, 1, 1] = -ϕ
F[6, 4, 6, 6, 1, 5] = -ϕ
F[6, 4, 6, 6, 3, 1] = 1
F[6, 4, 6, 6, 3, 5] = ϕ
F[6, 4, 7, 3, 8, 5] = 1
F[6, 4, 7, 7, 6, 1] = -ϕ
F[6, 4, 7, 7, 6, 5] = -ϕ
F[6, 4, 7, 7, 8, 1] = 1
F[6, 4, 7, 7, 8, 5] = ϕ
F[6, 4, 8, 4, 7, 5] = 1
F[6, 4, 8, 8, 5, 1] = -ϕ
F[6, 4, 8, 8, 5, 5] = -ϕ
F[6, 4, 8, 8, 7, 1] = 1
F[6, 4, 8, 8, 7, 5] = ϕ
F[6, 5, 1, 8, 5, 8] = 1
F[6, 5, 2, 7, 6, 8] = 1
F[6, 5, 3, 4, 7, 8] = 1
F[6, 5, 3, 8, 7, 8] = 1
F[6, 5, 4, 3, 8, 8] = 1
F[6, 5, 4, 7, 8, 8] = 1
F[6, 5, 5, 6, 1, 8] = 1
F[6, 5, 5, 8, 5, 8] = 1
F[6, 5, 6, 5, 2, 8] = 1
F[6, 5, 6, 7, 6, 8] = 1
F[6, 5, 7, 2, 3, 8] = 1
F[6, 5, 7, 4, 7, 8] = 1
F[6, 5, 7, 6, 3, 8] = 1
F[6, 5, 7, 8, 7, 8] = 1
F[6, 5, 8, 1, 4, 8] = 1
F[6, 5, 8, 3, 8, 8] = 1
F[6, 5, 8, 5, 4, 8] = 1
F[6, 5, 8, 7, 8, 8] = 1
F[6, 6, 1, 7, 6, 7] = 1
F[6, 6, 2, 8, 5, 7] = 1
F[6, 6, 3, 5, 2, 7] = 1
F[6, 6, 3, 7, 6, 7] = 1
F[6, 6, 4, 6, 1, 7] = 1
F[6, 6, 4, 8, 5, 7] = 1
F[6, 6, 5, 3, 8, 7] = 1
F[6, 6, 5, 7, 8, 7] = 1
F[6, 6, 6, 4, 7, 7] = 1
F[6, 6, 6, 8, 7, 7] = 1
F[6, 6, 7, 1, 4, 7] = 1
F[6, 6, 7, 3, 8, 7] = 1
F[6, 6, 7, 5, 4, 7] = 1
F[6, 6, 7, 7, 8, 7] = 1
F[6, 6, 8, 2, 3, 7] = 1
F[6, 6, 8, 4, 7, 7] = 1
F[6, 6, 8, 6, 3, 7] = 1
F[6, 6, 8, 8, 7, 7] = 1
F[6, 7, 1, 4, 7, 4] = 1
F[6, 7, 1, 8, 7, 8] = 1
F[6, 7, 2, 3, 8, 4] = 1
F[6, 7, 2, 7, 8, 8] = 1
F[6, 7, 3, 4, 7, 8] = 1
F[6, 7, 3, 8, 5, 4] = -ϕ
F[6, 7, 3, 8, 5, 8] = -ϕ
F[6, 7, 3, 8, 7, 4] = 1
F[6, 7, 3, 8, 7, 8] = ϕ
F[6, 7, 4, 3, 8, 8] = 1
F[6, 7, 4, 7, 6, 4] = -ϕ
F[6, 7, 4, 7, 6, 8] = -ϕ
F[6, 7, 4, 7, 8, 4] = 1
F[6, 7, 4, 7, 8, 8] = ϕ
F[6, 7, 5, 2, 3, 4] = 1
F[6, 7, 5, 4, 7, 4] = 1
F[6, 7, 5, 6, 3, 8] = 1
F[6, 7, 5, 8, 7, 8] = 1
F[6, 7, 6, 1, 4, 4] = 1
F[6, 7, 6, 3, 8, 4] = 1
F[6, 7, 6, 5, 4, 8] = 1
F[6, 7, 6, 7, 8, 8] = 1
F[6, 7, 7, 2, 3, 8] = 1
F[6, 7, 7, 4, 7, 8] = 1
F[6, 7, 7, 6, 1, 4] = -ϕ
F[6, 7, 7, 6, 1, 8] = -ϕ
F[6, 7, 7, 6, 3, 4] = 1
F[6, 7, 7, 6, 3, 8] = ϕ
F[6, 7, 7, 8, 5, 4] = -ϕ
F[6, 7, 7, 8, 5, 8] = -ϕ
F[6, 7, 7, 8, 7, 4] = 1
F[6, 7, 7, 8, 7, 8] = ϕ
F[6, 7, 8, 1, 4, 8] = 1
F[6, 7, 8, 3, 8, 8] = 1
F[6, 7, 8, 5, 2, 4] = -ϕ
F[6, 7, 8, 5, 2, 8] = -ϕ
F[6, 7, 8, 5, 4, 4] = 1
F[6, 7, 8, 5, 4, 8] = ϕ
F[6, 7, 8, 7, 6, 4] = -ϕ
F[6, 7, 8, 7, 6, 8] = -ϕ
F[6, 7, 8, 7, 8, 4] = 1
F[6, 7, 8, 7, 8, 8] = ϕ
F[6, 8, 1, 3, 8, 3] = 1
F[6, 8, 1, 7, 8, 7] = 1
F[6, 8, 2, 4, 7, 3] = 1
F[6, 8, 2, 8, 7, 7] = 1
F[6, 8, 3, 1, 4, 3] = 1
F[6, 8, 3, 3, 8, 3] = 1
F[6, 8, 3, 5, 4, 7] = 1
F[6, 8, 3, 7, 8, 7] = 1
F[6, 8, 4, 2, 3, 3] = 1
F[6, 8, 4, 4, 7, 3] = 1
F[6, 8, 4, 6, 3, 7] = 1
F[6, 8, 4, 8, 7, 7] = 1
F[6, 8, 5, 3, 8, 7] = 1
F[6, 8, 5, 7, 6, 3] = -ϕ
F[6, 8, 5, 7, 6, 7] = -ϕ
F[6, 8, 5, 7, 8, 3] = 1
F[6, 8, 5, 7, 8, 7] = ϕ
F[6, 8, 6, 4, 7, 7] = 1
F[6, 8, 6, 8, 5, 3] = -ϕ
F[6, 8, 6, 8, 5, 7] = -ϕ
F[6, 8, 6, 8, 7, 3] = 1
F[6, 8, 6, 8, 7, 7] = ϕ
F[6, 8, 7, 1, 4, 7] = 1
F[6, 8, 7, 3, 8, 7] = 1
F[6, 8, 7, 5, 2, 3] = -ϕ
F[6, 8, 7, 5, 2, 7] = -ϕ
F[6, 8, 7, 5, 4, 3] = 1
F[6, 8, 7, 5, 4, 7] = ϕ
F[6, 8, 7, 7, 6, 3] = -ϕ
F[6, 8, 7, 7, 6, 7] = -ϕ
F[6, 8, 7, 7, 8, 3] = 1
F[6, 8, 7, 7, 8, 7] = ϕ
F[6, 8, 8, 2, 3, 7] = 1
F[6, 8, 8, 4, 7, 7] = 1
F[6, 8, 8, 6, 1, 3] = -ϕ
F[6, 8, 8, 6, 1, 7] = -ϕ
F[6, 8, 8, 6, 3, 3] = 1
F[6, 8, 8, 6, 3, 7] = ϕ
F[6, 8, 8, 8, 5, 3] = -ϕ
F[6, 8, 8, 8, 5, 7] = -ϕ
F[6, 8, 8, 8, 7, 3] = 1
F[6, 8, 8, 8, 7, 7] = ϕ
F[7, 1, 1, 7, 1, 7] = 1
F[7, 1, 2, 8, 2, 7] = 1
F[7, 1, 3, 5, 3, 7] = 1
F[7, 1, 3, 7, 3, 7] = 1
F[7, 1, 4, 6, 4, 7] = 1
F[7, 1, 4, 8, 4, 7] = 1
F[7, 1, 5, 3, 5, 7] = 1
F[7, 1, 5, 7, 5, 7] = 1
F[7, 1, 6, 4, 6, 7] = 1
F[7, 1, 6, 8, 6, 7] = 1
F[7, 1, 7, 1, 7, 7] = 1
F[7, 1, 7, 3, 7, 7] = 1
F[7, 1, 7, 5, 7, 7] = 1
F[7, 1, 7, 7, 7, 7] = 1
F[7, 1, 8, 2, 8, 7] = 1
F[7, 1, 8, 4, 8, 7] = 1
F[7, 1, 8, 6, 8, 7] = 1
F[7, 1, 8, 8, 8, 7] = 1
F[7, 2, 1, 8, 2, 8] = 1
F[7, 2, 2, 7, 1, 8] = 1
F[7, 2, 3, 4, 6, 8] = 1
F[7, 2, 3, 8, 6, 8] = 1
F[7, 2, 4, 3, 5, 8] = 1
F[7, 2, 4, 7, 5, 8] = 1
F[7, 2, 5, 6, 4, 8] = 1
F[7, 2, 5, 8, 4, 8] = 1
F[7, 2, 6, 5, 3, 8] = 1
F[7, 2, 6, 7, 3, 8] = 1
F[7, 2, 7, 2, 8, 8] = 1
F[7, 2, 7, 4, 8, 8] = 1
F[7, 2, 7, 6, 8, 8] = 1
F[7, 2, 7, 8, 8, 8] = 1
F[7, 2, 8, 1, 7, 8] = 1
F[7, 2, 8, 3, 7, 8] = 1
F[7, 2, 8, 5, 7, 8] = 1
F[7, 2, 8, 7, 7, 8] = 1
F[7, 3, 1, 5, 3, 5] = 1
F[7, 3, 1, 7, 3, 7] = 1
F[7, 3, 2, 6, 4, 5] = 1
F[7, 3, 2, 8, 4, 7] = 1
F[7, 3, 3, 5, 3, 7] = 1
F[7, 3, 3, 7, 1, 5] = -ϕ
F[7, 3, 3, 7, 1, 7] = -ϕ
F[7, 3, 3, 7, 3, 5] = 1
F[7, 3, 3, 7, 3, 7] = ϕ
F[7, 3, 4, 6, 4, 7] = 1
F[7, 3, 4, 8, 2, 5] = -ϕ
F[7, 3, 4, 8, 2, 7] = -ϕ
F[7, 3, 4, 8, 4, 5] = 1
F[7, 3, 4, 8, 4, 7] = ϕ
F[7, 3, 5, 1, 7, 5] = 1
F[7, 3, 5, 3, 7, 7] = 1
F[7, 3, 5, 5, 7, 5] = 1
F[7, 3, 5, 7, 7, 7] = 1
F[7, 3, 6, 2, 8, 5] = 1
F[7, 3, 6, 4, 8, 7] = 1
F[7, 3, 6, 6, 8, 5] = 1
F[7, 3, 6, 8, 8, 7] = 1
F[7, 3, 7, 1, 7, 7] = 1
F[7, 3, 7, 3, 5, 5] = -ϕ
F[7, 3, 7, 3, 5, 7] = -ϕ
F[7, 3, 7, 3, 7, 5] = 1
F[7, 3, 7, 3, 7, 7] = ϕ
F[7, 3, 7, 5, 7, 7] = 1
F[7, 3, 7, 7, 5, 5] = -ϕ
F[7, 3, 7, 7, 5, 7] = -ϕ
F[7, 3, 7, 7, 7, 5] = 1
F[7, 3, 7, 7, 7, 7] = ϕ
F[7, 3, 8, 2, 8, 7] = 1
F[7, 3, 8, 4, 6, 5] = -ϕ
F[7, 3, 8, 4, 6, 7] = -ϕ
F[7, 3, 8, 4, 8, 5] = 1
F[7, 3, 8, 4, 8, 7] = ϕ
F[7, 3, 8, 6, 8, 7] = 1
F[7, 3, 8, 8, 6, 5] = -ϕ
F[7, 3, 8, 8, 6, 7] = -ϕ
F[7, 3, 8, 8, 8, 5] = 1
F[7, 3, 8, 8, 8, 7] = ϕ
F[7, 4, 1, 6, 4, 6] = 1
F[7, 4, 1, 8, 4, 8] = 1
F[7, 4, 2, 5, 3, 6] = 1
F[7, 4, 2, 7, 3, 8] = 1
F[7, 4, 3, 2, 8, 6] = 1
F[7, 4, 3, 4, 8, 8] = 1
F[7, 4, 3, 6, 8, 6] = 1
F[7, 4, 3, 8, 8, 8] = 1
F[7, 4, 4, 1, 7, 6] = 1
F[7, 4, 4, 3, 7, 8] = 1
F[7, 4, 4, 5, 7, 6] = 1
F[7, 4, 4, 7, 7, 8] = 1
F[7, 4, 5, 6, 4, 8] = 1
F[7, 4, 5, 8, 2, 6] = -ϕ
F[7, 4, 5, 8, 2, 8] = -ϕ
F[7, 4, 5, 8, 4, 6] = 1
F[7, 4, 5, 8, 4, 8] = ϕ
F[7, 4, 6, 5, 3, 8] = 1
F[7, 4, 6, 7, 1, 6] = -ϕ
F[7, 4, 6, 7, 1, 8] = -ϕ
F[7, 4, 6, 7, 3, 6] = 1
F[7, 4, 6, 7, 3, 8] = ϕ
F[7, 4, 7, 2, 8, 8] = 1
F[7, 4, 7, 4, 6, 6] = -ϕ
F[7, 4, 7, 4, 6, 8] = -ϕ
F[7, 4, 7, 4, 8, 6] = 1
F[7, 4, 7, 4, 8, 8] = ϕ
F[7, 4, 7, 6, 8, 8] = 1
F[7, 4, 7, 8, 6, 6] = -ϕ
F[7, 4, 7, 8, 6, 8] = -ϕ
F[7, 4, 7, 8, 8, 6] = 1
F[7, 4, 7, 8, 8, 8] = ϕ
F[7, 4, 8, 1, 7, 8] = 1
F[7, 4, 8, 3, 5, 6] = -ϕ
F[7, 4, 8, 3, 5, 8] = -ϕ
F[7, 4, 8, 3, 7, 6] = 1
F[7, 4, 8, 3, 7, 8] = ϕ
F[7, 4, 8, 5, 7, 8] = 1
F[7, 4, 8, 7, 5, 6] = -ϕ
F[7, 4, 8, 7, 5, 8] = -ϕ
F[7, 4, 8, 7, 7, 6] = 1
F[7, 4, 8, 7, 7, 8] = ϕ
F[7, 5, 1, 3, 5, 3] = 1
F[7, 5, 1, 7, 5, 7] = 1
F[7, 5, 2, 4, 6, 3] = 1
F[7, 5, 2, 8, 6, 7] = 1
F[7, 5, 3, 1, 7, 3] = 1
F[7, 5, 3, 3, 7, 3] = 1
F[7, 5, 3, 5, 7, 7] = 1
F[7, 5, 3, 7, 7, 7] = 1
F[7, 5, 4, 2, 8, 3] = 1
F[7, 5, 4, 4, 8, 3] = 1
F[7, 5, 4, 6, 8, 7] = 1
F[7, 5, 4, 8, 8, 7] = 1
F[7, 5, 5, 3, 5, 7] = 1
F[7, 5, 5, 7, 1, 3] = -ϕ
F[7, 5, 5, 7, 1, 7] = -ϕ
F[7, 5, 5, 7, 5, 3] = 1
F[7, 5, 5, 7, 5, 7] = ϕ
F[7, 5, 6, 4, 6, 7] = 1
F[7, 5, 6, 8, 2, 3] = -ϕ
F[7, 5, 6, 8, 2, 7] = -ϕ
F[7, 5, 6, 8, 6, 3] = 1
F[7, 5, 6, 8, 6, 7] = ϕ
F[7, 5, 7, 1, 7, 7] = 1
F[7, 5, 7, 3, 7, 7] = 1
F[7, 5, 7, 5, 3, 3] = -ϕ
F[7, 5, 7, 5, 3, 7] = -ϕ
F[7, 5, 7, 5, 7, 3] = 1
F[7, 5, 7, 5, 7, 7] = ϕ
F[7, 5, 7, 7, 3, 3] = -ϕ
F[7, 5, 7, 7, 3, 7] = -ϕ
F[7, 5, 7, 7, 7, 3] = 1
F[7, 5, 7, 7, 7, 7] = ϕ
F[7, 5, 8, 2, 8, 7] = 1
F[7, 5, 8, 4, 8, 7] = 1
F[7, 5, 8, 6, 4, 3] = -ϕ
F[7, 5, 8, 6, 4, 7] = -ϕ
F[7, 5, 8, 6, 8, 3] = 1
F[7, 5, 8, 6, 8, 7] = ϕ
F[7, 5, 8, 8, 4, 3] = -ϕ
F[7, 5, 8, 8, 4, 7] = -ϕ
F[7, 5, 8, 8, 8, 3] = 1
F[7, 5, 8, 8, 8, 7] = ϕ
F[7, 6, 1, 4, 6, 4] = 1
F[7, 6, 1, 8, 6, 8] = 1
F[7, 6, 2, 3, 5, 4] = 1
F[7, 6, 2, 7, 5, 8] = 1
F[7, 6, 3, 4, 6, 8] = 1
F[7, 6, 3, 8, 2, 4] = -ϕ
F[7, 6, 3, 8, 2, 8] = -ϕ
F[7, 6, 3, 8, 6, 4] = 1
F[7, 6, 3, 8, 6, 8] = ϕ
F[7, 6, 4, 3, 5, 8] = 1
F[7, 6, 4, 7, 1, 4] = -ϕ
F[7, 6, 4, 7, 1, 8] = -ϕ
F[7, 6, 4, 7, 5, 4] = 1
F[7, 6, 4, 7, 5, 8] = ϕ
F[7, 6, 5, 2, 8, 4] = 1
F[7, 6, 5, 4, 8, 4] = 1
F[7, 6, 5, 6, 8, 8] = 1
F[7, 6, 5, 8, 8, 8] = 1
F[7, 6, 6, 1, 7, 4] = 1
F[7, 6, 6, 3, 7, 4] = 1
F[7, 6, 6, 5, 7, 8] = 1
F[7, 6, 6, 7, 7, 8] = 1
F[7, 6, 7, 2, 8, 8] = 1
F[7, 6, 7, 4, 8, 8] = 1
F[7, 6, 7, 6, 4, 4] = -ϕ
F[7, 6, 7, 6, 4, 8] = -ϕ
F[7, 6, 7, 6, 8, 4] = 1
F[7, 6, 7, 6, 8, 8] = ϕ
F[7, 6, 7, 8, 4, 4] = -ϕ
F[7, 6, 7, 8, 4, 8] = -ϕ
F[7, 6, 7, 8, 8, 4] = 1
F[7, 6, 7, 8, 8, 8] = ϕ
F[7, 6, 8, 1, 7, 8] = 1
F[7, 6, 8, 3, 7, 8] = 1
F[7, 6, 8, 5, 3, 4] = -ϕ
F[7, 6, 8, 5, 3, 8] = -ϕ
F[7, 6, 8, 5, 7, 4] = 1
F[7, 6, 8, 5, 7, 8] = ϕ
F[7, 6, 8, 7, 3, 4] = -ϕ
F[7, 6, 8, 7, 3, 8] = -ϕ
F[7, 6, 8, 7, 7, 4] = 1
F[7, 6, 8, 7, 7, 8] = ϕ
F[7, 7, 1, 1, 7, 1] = 1
F[7, 7, 1, 3, 7, 3] = 1
F[7, 7, 1, 5, 7, 5] = 1
F[7, 7, 1, 7, 7, 7] = 1
F[7, 7, 2, 2, 8, 1] = 1
F[7, 7, 2, 4, 8, 3] = 1
F[7, 7, 2, 6, 8, 5] = 1
F[7, 7, 2, 8, 8, 7] = 1
F[7, 7, 3, 1, 7, 3] = 1
F[7, 7, 3, 3, 5, 1] = -ϕ
F[7, 7, 3, 3, 5, 3] = -ϕ
F[7, 7, 3, 3, 7, 1] = 1
F[7, 7, 3, 3, 7, 3] = ϕ
F[7, 7, 3, 5, 7, 7] = 1
F[7, 7, 3, 7, 5, 5] = -ϕ
F[7, 7, 3, 7, 5, 7] = -ϕ
F[7, 7, 3, 7, 7, 5] = 1
F[7, 7, 3, 7, 7, 7] = ϕ
F[7, 7, 4, 2, 8, 3] = 1
F[7, 7, 4, 4, 6, 1] = -ϕ
F[7, 7, 4, 4, 6, 3] = -ϕ
F[7, 7, 4, 4, 8, 1] = 1
F[7, 7, 4, 4, 8, 3] = ϕ
F[7, 7, 4, 6, 8, 7] = 1
F[7, 7, 4, 8, 6, 5] = -ϕ
F[7, 7, 4, 8, 6, 7] = -ϕ
F[7, 7, 4, 8, 8, 5] = 1
F[7, 7, 4, 8, 8, 7] = ϕ
F[7, 7, 5, 1, 7, 5] = 1
F[7, 7, 5, 3, 7, 7] = 1
F[7, 7, 5, 5, 3, 1] = -ϕ
F[7, 7, 5, 5, 3, 5] = -ϕ
F[7, 7, 5, 5, 7, 1] = 1
F[7, 7, 5, 5, 7, 5] = ϕ
F[7, 7, 5, 7, 3, 3] = -ϕ
F[7, 7, 5, 7, 3, 7] = -ϕ
F[7, 7, 5, 7, 7, 3] = 1
F[7, 7, 5, 7, 7, 7] = ϕ
F[7, 7, 6, 2, 8, 5] = 1
F[7, 7, 6, 4, 8, 7] = 1
F[7, 7, 6, 6, 4, 1] = -ϕ
F[7, 7, 6, 6, 4, 5] = -ϕ
F[7, 7, 6, 6, 8, 1] = 1
F[7, 7, 6, 6, 8, 5] = ϕ
F[7, 7, 6, 8, 4, 3] = -ϕ
F[7, 7, 6, 8, 4, 7] = -ϕ
F[7, 7, 6, 8, 8, 3] = 1
F[7, 7, 6, 8, 8, 7] = ϕ
F[7, 7, 7, 1, 7, 7] = 1
F[7, 7, 7, 3, 5, 5] = -ϕ
F[7, 7, 7, 3, 5, 7] = -ϕ
F[7, 7, 7, 3, 7, 5] = 1
F[7, 7, 7, 3, 7, 7] = ϕ
F[7, 7, 7, 5, 3, 3] = -ϕ
F[7, 7, 7, 5, 3, 7] = -ϕ
F[7, 7, 7, 5, 7, 3] = 1
F[7, 7, 7, 5, 7, 7] = ϕ
F[7, 7, 7, 7, 1, 1] = ϕ + 1
F[7, 7, 7, 7, 1, 3] = ϕ + 1
F[7, 7, 7, 7, 1, 5] = ϕ + 1
F[7, 7, 7, 7, 1, 7] = ϕ + 1
F[7, 7, 7, 7, 3, 1] = -ϕ
F[7, 7, 7, 7, 3, 3] = -ϕ - 1
F[7, 7, 7, 7, 3, 5] = -ϕ
F[7, 7, 7, 7, 3, 7] = -ϕ - 1
F[7, 7, 7, 7, 5, 1] = -ϕ
F[7, 7, 7, 7, 5, 3] = -ϕ
F[7, 7, 7, 7, 5, 5] = -ϕ - 1
F[7, 7, 7, 7, 5, 7] = -ϕ - 1
F[7, 7, 7, 7, 7, 1] = 1
F[7, 7, 7, 7, 7, 3] = ϕ
F[7, 7, 7, 7, 7, 5] = ϕ
F[7, 7, 7, 7, 7, 7] = ϕ + 1
F[7, 7, 8, 2, 8, 7] = 1
F[7, 7, 8, 4, 6, 5] = -ϕ
F[7, 7, 8, 4, 6, 7] = -ϕ
F[7, 7, 8, 4, 8, 5] = 1
F[7, 7, 8, 4, 8, 7] = ϕ
F[7, 7, 8, 6, 4, 3] = -ϕ
F[7, 7, 8, 6, 4, 7] = -ϕ
F[7, 7, 8, 6, 8, 3] = 1
F[7, 7, 8, 6, 8, 7] = ϕ
F[7, 7, 8, 8, 2, 1] = ϕ + 1
F[7, 7, 8, 8, 2, 3] = ϕ + 1
F[7, 7, 8, 8, 2, 5] = ϕ + 1
F[7, 7, 8, 8, 2, 7] = ϕ + 1
F[7, 7, 8, 8, 4, 1] = -ϕ
F[7, 7, 8, 8, 4, 3] = -ϕ - 1
F[7, 7, 8, 8, 4, 5] = -ϕ
F[7, 7, 8, 8, 4, 7] = -ϕ - 1
F[7, 7, 8, 8, 6, 1] = -ϕ
F[7, 7, 8, 8, 6, 3] = -ϕ
F[7, 7, 8, 8, 6, 5] = -ϕ - 1
F[7, 7, 8, 8, 6, 7] = -ϕ - 1
F[7, 7, 8, 8, 8, 1] = 1
F[7, 7, 8, 8, 8, 3] = ϕ
F[7, 7, 8, 8, 8, 5] = ϕ
F[7, 7, 8, 8, 8, 7] = ϕ + 1
F[7, 8, 1, 2, 8, 2] = 1
F[7, 8, 1, 4, 8, 4] = 1
F[7, 8, 1, 6, 8, 6] = 1
F[7, 8, 1, 8, 8, 8] = 1
F[7, 8, 2, 1, 7, 2] = 1
F[7, 8, 2, 3, 7, 4] = 1
F[7, 8, 2, 5, 7, 6] = 1
F[7, 8, 2, 7, 7, 8] = 1
F[7, 8, 3, 2, 8, 6] = 1
F[7, 8, 3, 4, 8, 8] = 1
F[7, 8, 3, 6, 4, 2] = -ϕ
F[7, 8, 3, 6, 4, 6] = -ϕ
F[7, 8, 3, 6, 8, 2] = 1
F[7, 8, 3, 6, 8, 6] = ϕ
F[7, 8, 3, 8, 4, 4] = -ϕ
F[7, 8, 3, 8, 4, 8] = -ϕ
F[7, 8, 3, 8, 8, 4] = 1
F[7, 8, 3, 8, 8, 8] = ϕ
F[7, 8, 4, 1, 7, 6] = 1
F[7, 8, 4, 3, 7, 8] = 1
F[7, 8, 4, 5, 3, 2] = -ϕ
F[7, 8, 4, 5, 3, 6] = -ϕ
F[7, 8, 4, 5, 7, 2] = 1
F[7, 8, 4, 5, 7, 6] = ϕ
F[7, 8, 4, 7, 3, 4] = -ϕ
F[7, 8, 4, 7, 3, 8] = -ϕ
F[7, 8, 4, 7, 7, 4] = 1
F[7, 8, 4, 7, 7, 8] = ϕ
F[7, 8, 5, 2, 8, 4] = 1
F[7, 8, 5, 4, 6, 2] = -ϕ
F[7, 8, 5, 4, 6, 4] = -ϕ
F[7, 8, 5, 4, 8, 2] = 1
F[7, 8, 5, 4, 8, 4] = ϕ
F[7, 8, 5, 6, 8, 8] = 1
F[7, 8, 5, 8, 6, 6] = -ϕ
F[7, 8, 5, 8, 6, 8] = -ϕ
F[7, 8, 5, 8, 8, 6] = 1
F[7, 8, 5, 8, 8, 8] = ϕ
F[7, 8, 6, 1, 7, 4] = 1
F[7, 8, 6, 3, 5, 2] = -ϕ
F[7, 8, 6, 3, 5, 4] = -ϕ
F[7, 8, 6, 3, 7, 2] = 1
F[7, 8, 6, 3, 7, 4] = ϕ
F[7, 8, 6, 5, 7, 8] = 1
F[7, 8, 6, 7, 5, 6] = -ϕ
F[7, 8, 6, 7, 5, 8] = -ϕ
F[7, 8, 6, 7, 7, 6] = 1
F[7, 8, 6, 7, 7, 8] = ϕ
F[7, 8, 7, 2, 8, 8] = 1
F[7, 8, 7, 4, 6, 6] = -ϕ
F[7, 8, 7, 4, 6, 8] = -ϕ
F[7, 8, 7, 4, 8, 6] = 1
F[7, 8, 7, 4, 8, 8] = ϕ
F[7, 8, 7, 6, 4, 4] = -ϕ
F[7, 8, 7, 6, 4, 8] = -ϕ
F[7, 8, 7, 6, 8, 4] = 1
F[7, 8, 7, 6, 8, 8] = ϕ
F[7, 8, 7, 8, 2, 2] = ϕ + 1
F[7, 8, 7, 8, 2, 4] = ϕ + 1
F[7, 8, 7, 8, 2, 6] = ϕ + 1
F[7, 8, 7, 8, 2, 8] = ϕ + 1
F[7, 8, 7, 8, 4, 2] = -ϕ
F[7, 8, 7, 8, 4, 4] = -ϕ - 1
F[7, 8, 7, 8, 4, 6] = -ϕ
F[7, 8, 7, 8, 4, 8] = -ϕ - 1
F[7, 8, 7, 8, 6, 2] = -ϕ
F[7, 8, 7, 8, 6, 4] = -ϕ
F[7, 8, 7, 8, 6, 6] = -ϕ - 1
F[7, 8, 7, 8, 6, 8] = -ϕ - 1
F[7, 8, 7, 8, 8, 2] = 1
F[7, 8, 7, 8, 8, 4] = ϕ
F[7, 8, 7, 8, 8, 6] = ϕ
F[7, 8, 7, 8, 8, 8] = ϕ + 1
F[7, 8, 8, 1, 7, 8] = 1
F[7, 8, 8, 3, 5, 6] = -ϕ
F[7, 8, 8, 3, 5, 8] = -ϕ
F[7, 8, 8, 3, 7, 6] = 1
F[7, 8, 8, 3, 7, 8] = ϕ
F[7, 8, 8, 5, 3, 4] = -ϕ
F[7, 8, 8, 5, 3, 8] = -ϕ
F[7, 8, 8, 5, 7, 4] = 1
F[7, 8, 8, 5, 7, 8] = ϕ
F[7, 8, 8, 7, 1, 2] = ϕ + 1
F[7, 8, 8, 7, 1, 4] = ϕ + 1
F[7, 8, 8, 7, 1, 6] = ϕ + 1
F[7, 8, 8, 7, 1, 8] = ϕ + 1
F[7, 8, 8, 7, 3, 2] = -ϕ
F[7, 8, 8, 7, 3, 4] = -ϕ - 1
F[7, 8, 8, 7, 3, 6] = -ϕ
F[7, 8, 8, 7, 3, 8] = -ϕ - 1
F[7, 8, 8, 7, 5, 2] = -ϕ
F[7, 8, 8, 7, 5, 4] = -ϕ
F[7, 8, 8, 7, 5, 6] = -ϕ - 1
F[7, 8, 8, 7, 5, 8] = -ϕ - 1
F[7, 8, 8, 7, 7, 2] = 1
F[7, 8, 8, 7, 7, 4] = ϕ
F[7, 8, 8, 7, 7, 6] = ϕ
F[7, 8, 8, 7, 7, 8] = ϕ + 1
F[8, 1, 1, 8, 1, 8] = 1
F[8, 1, 2, 7, 2, 8] = 1
F[8, 1, 3, 4, 3, 8] = 1
F[8, 1, 3, 8, 3, 8] = 1
F[8, 1, 4, 3, 4, 8] = 1
F[8, 1, 4, 7, 4, 8] = 1
F[8, 1, 5, 6, 5, 8] = 1
F[8, 1, 5, 8, 5, 8] = 1
F[8, 1, 6, 5, 6, 8] = 1
F[8, 1, 6, 7, 6, 8] = 1
F[8, 1, 7, 2, 7, 8] = 1
F[8, 1, 7, 4, 7, 8] = 1
F[8, 1, 7, 6, 7, 8] = 1
F[8, 1, 7, 8, 7, 8] = 1
F[8, 1, 8, 1, 8, 8] = 1
F[8, 1, 8, 3, 8, 8] = 1
F[8, 1, 8, 5, 8, 8] = 1
F[8, 1, 8, 7, 8, 8] = 1
F[8, 2, 1, 7, 2, 7] = 1
F[8, 2, 2, 8, 1, 7] = 1
F[8, 2, 3, 5, 6, 7] = 1
F[8, 2, 3, 7, 6, 7] = 1
F[8, 2, 4, 6, 5, 7] = 1
F[8, 2, 4, 8, 5, 7] = 1
F[8, 2, 5, 3, 4, 7] = 1
F[8, 2, 5, 7, 4, 7] = 1
F[8, 2, 6, 4, 3, 7] = 1
F[8, 2, 6, 8, 3, 7] = 1
F[8, 2, 7, 1, 8, 7] = 1
F[8, 2, 7, 3, 8, 7] = 1
F[8, 2, 7, 5, 8, 7] = 1
F[8, 2, 7, 7, 8, 7] = 1
F[8, 2, 8, 2, 7, 7] = 1
F[8, 2, 8, 4, 7, 7] = 1
F[8, 2, 8, 6, 7, 7] = 1
F[8, 2, 8, 8, 7, 7] = 1
F[8, 3, 1, 4, 3, 4] = 1
F[8, 3, 1, 8, 3, 8] = 1
F[8, 3, 2, 3, 4, 4] = 1
F[8, 3, 2, 7, 4, 8] = 1
F[8, 3, 3, 4, 3, 8] = 1
F[8, 3, 3, 8, 1, 4] = -ϕ
F[8, 3, 3, 8, 1, 8] = -ϕ
F[8, 3, 3, 8, 3, 4] = 1
F[8, 3, 3, 8, 3, 8] = ϕ
F[8, 3, 4, 3, 4, 8] = 1
F[8, 3, 4, 7, 2, 4] = -ϕ
F[8, 3, 4, 7, 2, 8] = -ϕ
F[8, 3, 4, 7, 4, 4] = 1
F[8, 3, 4, 7, 4, 8] = ϕ
F[8, 3, 5, 2, 7, 4] = 1
F[8, 3, 5, 4, 7, 4] = 1
F[8, 3, 5, 6, 7, 8] = 1
F[8, 3, 5, 8, 7, 8] = 1
F[8, 3, 6, 1, 8, 4] = 1
F[8, 3, 6, 3, 8, 4] = 1
F[8, 3, 6, 5, 8, 8] = 1
F[8, 3, 6, 7, 8, 8] = 1
F[8, 3, 7, 2, 7, 8] = 1
F[8, 3, 7, 4, 7, 8] = 1
F[8, 3, 7, 6, 5, 4] = -ϕ
F[8, 3, 7, 6, 5, 8] = -ϕ
F[8, 3, 7, 6, 7, 4] = 1
F[8, 3, 7, 6, 7, 8] = ϕ
F[8, 3, 7, 8, 5, 4] = -ϕ
F[8, 3, 7, 8, 5, 8] = -ϕ
F[8, 3, 7, 8, 7, 4] = 1
F[8, 3, 7, 8, 7, 8] = ϕ
F[8, 3, 8, 1, 8, 8] = 1
F[8, 3, 8, 3, 8, 8] = 1
F[8, 3, 8, 5, 6, 4] = -ϕ
F[8, 3, 8, 5, 6, 8] = -ϕ
F[8, 3, 8, 5, 8, 4] = 1
F[8, 3, 8, 5, 8, 8] = ϕ
F[8, 3, 8, 7, 6, 4] = -ϕ
F[8, 3, 8, 7, 6, 8] = -ϕ
F[8, 3, 8, 7, 8, 4] = 1
F[8, 3, 8, 7, 8, 8] = ϕ
F[8, 4, 1, 3, 4, 3] = 1
F[8, 4, 1, 7, 4, 7] = 1
F[8, 4, 2, 4, 3, 3] = 1
F[8, 4, 2, 8, 3, 7] = 1
F[8, 4, 3, 1, 8, 3] = 1
F[8, 4, 3, 3, 8, 3] = 1
F[8, 4, 3, 5, 8, 7] = 1
F[8, 4, 3, 7, 8, 7] = 1
F[8, 4, 4, 2, 7, 3] = 1
F[8, 4, 4, 4, 7, 3] = 1
F[8, 4, 4, 6, 7, 7] = 1
F[8, 4, 4, 8, 7, 7] = 1
F[8, 4, 5, 3, 4, 7] = 1
F[8, 4, 5, 7, 2, 3] = -ϕ
F[8, 4, 5, 7, 2, 7] = -ϕ
F[8, 4, 5, 7, 4, 3] = 1
F[8, 4, 5, 7, 4, 7] = ϕ
F[8, 4, 6, 4, 3, 7] = 1
F[8, 4, 6, 8, 1, 3] = -ϕ
F[8, 4, 6, 8, 1, 7] = -ϕ
F[8, 4, 6, 8, 3, 3] = 1
F[8, 4, 6, 8, 3, 7] = ϕ
F[8, 4, 7, 1, 8, 7] = 1
F[8, 4, 7, 3, 8, 7] = 1
F[8, 4, 7, 5, 6, 3] = -ϕ
F[8, 4, 7, 5, 6, 7] = -ϕ
F[8, 4, 7, 5, 8, 3] = 1
F[8, 4, 7, 5, 8, 7] = ϕ
F[8, 4, 7, 7, 6, 3] = -ϕ
F[8, 4, 7, 7, 6, 7] = -ϕ
F[8, 4, 7, 7, 8, 3] = 1
F[8, 4, 7, 7, 8, 7] = ϕ
F[8, 4, 8, 2, 7, 7] = 1
F[8, 4, 8, 4, 7, 7] = 1
F[8, 4, 8, 6, 5, 3] = -ϕ
F[8, 4, 8, 6, 5, 7] = -ϕ
F[8, 4, 8, 6, 7, 3] = 1
F[8, 4, 8, 6, 7, 7] = ϕ
F[8, 4, 8, 8, 5, 3] = -ϕ
F[8, 4, 8, 8, 5, 7] = -ϕ
F[8, 4, 8, 8, 7, 3] = 1
F[8, 4, 8, 8, 7, 7] = ϕ
F[8, 5, 1, 6, 5, 6] = 1
F[8, 5, 1, 8, 5, 8] = 1
F[8, 5, 2, 5, 6, 6] = 1
F[8, 5, 2, 7, 6, 8] = 1
F[8, 5, 3, 2, 7, 6] = 1
F[8, 5, 3, 4, 7, 8] = 1
F[8, 5, 3, 6, 7, 6] = 1
F[8, 5, 3, 8, 7, 8] = 1
F[8, 5, 4, 1, 8, 6] = 1
F[8, 5, 4, 3, 8, 8] = 1
F[8, 5, 4, 5, 8, 6] = 1
F[8, 5, 4, 7, 8, 8] = 1
F[8, 5, 5, 6, 5, 8] = 1
F[8, 5, 5, 8, 1, 6] = -ϕ
F[8, 5, 5, 8, 1, 8] = -ϕ
F[8, 5, 5, 8, 5, 6] = 1
F[8, 5, 5, 8, 5, 8] = ϕ
F[8, 5, 6, 5, 6, 8] = 1
F[8, 5, 6, 7, 2, 6] = -ϕ
F[8, 5, 6, 7, 2, 8] = -ϕ
F[8, 5, 6, 7, 6, 6] = 1
F[8, 5, 6, 7, 6, 8] = ϕ
F[8, 5, 7, 2, 7, 8] = 1
F[8, 5, 7, 4, 3, 6] = -ϕ
F[8, 5, 7, 4, 3, 8] = -ϕ
F[8, 5, 7, 4, 7, 6] = 1
F[8, 5, 7, 4, 7, 8] = ϕ
F[8, 5, 7, 6, 7, 8] = 1
F[8, 5, 7, 8, 3, 6] = -ϕ
F[8, 5, 7, 8, 3, 8] = -ϕ
F[8, 5, 7, 8, 7, 6] = 1
F[8, 5, 7, 8, 7, 8] = ϕ
F[8, 5, 8, 1, 8, 8] = 1
F[8, 5, 8, 3, 4, 6] = -ϕ
F[8, 5, 8, 3, 4, 8] = -ϕ
F[8, 5, 8, 3, 8, 6] = 1
F[8, 5, 8, 3, 8, 8] = ϕ
F[8, 5, 8, 5, 8, 8] = 1
F[8, 5, 8, 7, 4, 6] = -ϕ
F[8, 5, 8, 7, 4, 8] = -ϕ
F[8, 5, 8, 7, 8, 6] = 1
F[8, 5, 8, 7, 8, 8] = ϕ
F[8, 6, 1, 5, 6, 5] = 1
F[8, 6, 1, 7, 6, 7] = 1
F[8, 6, 2, 6, 5, 5] = 1
F[8, 6, 2, 8, 5, 7] = 1
F[8, 6, 3, 5, 6, 7] = 1
F[8, 6, 3, 7, 2, 5] = -ϕ
F[8, 6, 3, 7, 2, 7] = -ϕ
F[8, 6, 3, 7, 6, 5] = 1
F[8, 6, 3, 7, 6, 7] = ϕ
F[8, 6, 4, 6, 5, 7] = 1
F[8, 6, 4, 8, 1, 5] = -ϕ
F[8, 6, 4, 8, 1, 7] = -ϕ
F[8, 6, 4, 8, 5, 5] = 1
F[8, 6, 4, 8, 5, 7] = ϕ
F[8, 6, 5, 1, 8, 5] = 1
F[8, 6, 5, 3, 8, 7] = 1
F[8, 6, 5, 5, 8, 5] = 1
F[8, 6, 5, 7, 8, 7] = 1
F[8, 6, 6, 2, 7, 5] = 1
F[8, 6, 6, 4, 7, 7] = 1
F[8, 6, 6, 6, 7, 5] = 1
F[8, 6, 6, 8, 7, 7] = 1
F[8, 6, 7, 1, 8, 7] = 1
F[8, 6, 7, 3, 4, 5] = -ϕ
F[8, 6, 7, 3, 4, 7] = -ϕ
F[8, 6, 7, 3, 8, 5] = 1
F[8, 6, 7, 3, 8, 7] = ϕ
F[8, 6, 7, 5, 8, 7] = 1
F[8, 6, 7, 7, 4, 5] = -ϕ
F[8, 6, 7, 7, 4, 7] = -ϕ
F[8, 6, 7, 7, 8, 5] = 1
F[8, 6, 7, 7, 8, 7] = ϕ
F[8, 6, 8, 2, 7, 7] = 1
F[8, 6, 8, 4, 3, 5] = -ϕ
F[8, 6, 8, 4, 3, 7] = -ϕ
F[8, 6, 8, 4, 7, 5] = 1
F[8, 6, 8, 4, 7, 7] = ϕ
F[8, 6, 8, 6, 7, 7] = 1
F[8, 6, 8, 8, 3, 5] = -ϕ
F[8, 6, 8, 8, 3, 7] = -ϕ
F[8, 6, 8, 8, 7, 5] = 1
F[8, 6, 8, 8, 7, 7] = ϕ
F[8, 7, 1, 2, 7, 2] = 1
F[8, 7, 1, 4, 7, 4] = 1
F[8, 7, 1, 6, 7, 6] = 1
F[8, 7, 1, 8, 7, 8] = 1
F[8, 7, 2, 1, 8, 2] = 1
F[8, 7, 2, 3, 8, 4] = 1
F[8, 7, 2, 5, 8, 6] = 1
F[8, 7, 2, 7, 8, 8] = 1
F[8, 7, 3, 2, 7, 6] = 1
F[8, 7, 3, 4, 7, 8] = 1
F[8, 7, 3, 6, 5, 2] = -ϕ
F[8, 7, 3, 6, 5, 6] = -ϕ
F[8, 7, 3, 6, 7, 2] = 1
F[8, 7, 3, 6, 7, 6] = ϕ
F[8, 7, 3, 8, 5, 4] = -ϕ
F[8, 7, 3, 8, 5, 8] = -ϕ
F[8, 7, 3, 8, 7, 4] = 1
F[8, 7, 3, 8, 7, 8] = ϕ
F[8, 7, 4, 1, 8, 6] = 1
F[8, 7, 4, 3, 8, 8] = 1
F[8, 7, 4, 5, 6, 2] = -ϕ
F[8, 7, 4, 5, 6, 6] = -ϕ
F[8, 7, 4, 5, 8, 2] = 1
F[8, 7, 4, 5, 8, 6] = ϕ
F[8, 7, 4, 7, 6, 4] = -ϕ
F[8, 7, 4, 7, 6, 8] = -ϕ
F[8, 7, 4, 7, 8, 4] = 1
F[8, 7, 4, 7, 8, 8] = ϕ
F[8, 7, 5, 2, 7, 4] = 1
F[8, 7, 5, 4, 3, 2] = -ϕ
F[8, 7, 5, 4, 3, 4] = -ϕ
F[8, 7, 5, 4, 7, 2] = 1
F[8, 7, 5, 4, 7, 4] = ϕ
F[8, 7, 5, 6, 7, 8] = 1
F[8, 7, 5, 8, 3, 6] = -ϕ
F[8, 7, 5, 8, 3, 8] = -ϕ
F[8, 7, 5, 8, 7, 6] = 1
F[8, 7, 5, 8, 7, 8] = ϕ
F[8, 7, 6, 1, 8, 4] = 1
F[8, 7, 6, 3, 4, 2] = -ϕ
F[8, 7, 6, 3, 4, 4] = -ϕ
F[8, 7, 6, 3, 8, 2] = 1
F[8, 7, 6, 3, 8, 4] = ϕ
F[8, 7, 6, 5, 8, 8] = 1
F[8, 7, 6, 7, 4, 6] = -ϕ
F[8, 7, 6, 7, 4, 8] = -ϕ
F[8, 7, 6, 7, 8, 6] = 1
F[8, 7, 6, 7, 8, 8] = ϕ
F[8, 7, 7, 2, 7, 8] = 1
F[8, 7, 7, 4, 3, 6] = -ϕ
F[8, 7, 7, 4, 3, 8] = -ϕ
F[8, 7, 7, 4, 7, 6] = 1
F[8, 7, 7, 4, 7, 8] = ϕ
F[8, 7, 7, 6, 5, 4] = -ϕ
F[8, 7, 7, 6, 5, 8] = -ϕ
F[8, 7, 7, 6, 7, 4] = 1
F[8, 7, 7, 6, 7, 8] = ϕ
F[8, 7, 7, 8, 1, 2] = ϕ + 1
F[8, 7, 7, 8, 1, 4] = ϕ + 1
F[8, 7, 7, 8, 1, 6] = ϕ + 1
F[8, 7, 7, 8, 1, 8] = ϕ + 1
F[8, 7, 7, 8, 3, 2] = -ϕ
F[8, 7, 7, 8, 3, 4] = -ϕ - 1
F[8, 7, 7, 8, 3, 6] = -ϕ
F[8, 7, 7, 8, 3, 8] = -ϕ - 1
F[8, 7, 7, 8, 5, 2] = -ϕ
F[8, 7, 7, 8, 5, 4] = -ϕ
F[8, 7, 7, 8, 5, 6] = -ϕ - 1
F[8, 7, 7, 8, 5, 8] = -ϕ - 1
F[8, 7, 7, 8, 7, 2] = 1
F[8, 7, 7, 8, 7, 4] = ϕ
F[8, 7, 7, 8, 7, 6] = ϕ
F[8, 7, 7, 8, 7, 8] = ϕ + 1
F[8, 7, 8, 1, 8, 8] = 1
F[8, 7, 8, 3, 4, 6] = -ϕ
F[8, 7, 8, 3, 4, 8] = -ϕ
F[8, 7, 8, 3, 8, 6] = 1
F[8, 7, 8, 3, 8, 8] = ϕ
F[8, 7, 8, 5, 6, 4] = -ϕ
F[8, 7, 8, 5, 6, 8] = -ϕ
F[8, 7, 8, 5, 8, 4] = 1
F[8, 7, 8, 5, 8, 8] = ϕ
F[8, 7, 8, 7, 2, 2] = ϕ + 1
F[8, 7, 8, 7, 2, 4] = ϕ + 1
F[8, 7, 8, 7, 2, 6] = ϕ + 1
F[8, 7, 8, 7, 2, 8] = ϕ + 1
F[8, 7, 8, 7, 4, 2] = -ϕ
F[8, 7, 8, 7, 4, 4] = -ϕ - 1
F[8, 7, 8, 7, 4, 6] = -ϕ
F[8, 7, 8, 7, 4, 8] = -ϕ - 1
F[8, 7, 8, 7, 6, 2] = -ϕ
F[8, 7, 8, 7, 6, 4] = -ϕ
F[8, 7, 8, 7, 6, 6] = -ϕ - 1
F[8, 7, 8, 7, 6, 8] = -ϕ - 1
F[8, 7, 8, 7, 8, 2] = 1
F[8, 7, 8, 7, 8, 4] = ϕ
F[8, 7, 8, 7, 8, 6] = ϕ
F[8, 7, 8, 7, 8, 8] = ϕ + 1
F[8, 8, 1, 1, 8, 1] = 1
F[8, 8, 1, 3, 8, 3] = 1
F[8, 8, 1, 5, 8, 5] = 1
F[8, 8, 1, 7, 8, 7] = 1
F[8, 8, 2, 2, 7, 1] = 1
F[8, 8, 2, 4, 7, 3] = 1
F[8, 8, 2, 6, 7, 5] = 1
F[8, 8, 2, 8, 7, 7] = 1
F[8, 8, 3, 1, 8, 3] = 1
F[8, 8, 3, 3, 4, 1] = -ϕ
F[8, 8, 3, 3, 4, 3] = -ϕ
F[8, 8, 3, 3, 8, 1] = 1
F[8, 8, 3, 3, 8, 3] = ϕ
F[8, 8, 3, 5, 8, 7] = 1
F[8, 8, 3, 7, 4, 5] = -ϕ
F[8, 8, 3, 7, 4, 7] = -ϕ
F[8, 8, 3, 7, 8, 5] = 1
F[8, 8, 3, 7, 8, 7] = ϕ
F[8, 8, 4, 2, 7, 3] = 1
F[8, 8, 4, 4, 3, 1] = -ϕ
F[8, 8, 4, 4, 3, 3] = -ϕ
F[8, 8, 4, 4, 7, 1] = 1
F[8, 8, 4, 4, 7, 3] = ϕ
F[8, 8, 4, 6, 7, 7] = 1
F[8, 8, 4, 8, 3, 5] = -ϕ
F[8, 8, 4, 8, 3, 7] = -ϕ
F[8, 8, 4, 8, 7, 5] = 1
F[8, 8, 4, 8, 7, 7] = ϕ
F[8, 8, 5, 1, 8, 5] = 1
F[8, 8, 5, 3, 8, 7] = 1
F[8, 8, 5, 5, 6, 1] = -ϕ
F[8, 8, 5, 5, 6, 5] = -ϕ
F[8, 8, 5, 5, 8, 1] = 1
F[8, 8, 5, 5, 8, 5] = ϕ
F[8, 8, 5, 7, 6, 3] = -ϕ
F[8, 8, 5, 7, 6, 7] = -ϕ
F[8, 8, 5, 7, 8, 3] = 1
F[8, 8, 5, 7, 8, 7] = ϕ
F[8, 8, 6, 2, 7, 5] = 1
F[8, 8, 6, 4, 7, 7] = 1
F[8, 8, 6, 6, 5, 1] = -ϕ
F[8, 8, 6, 6, 5, 5] = -ϕ
F[8, 8, 6, 6, 7, 1] = 1
F[8, 8, 6, 6, 7, 5] = ϕ
F[8, 8, 6, 8, 5, 3] = -ϕ
F[8, 8, 6, 8, 5, 7] = -ϕ
F[8, 8, 6, 8, 7, 3] = 1
F[8, 8, 6, 8, 7, 7] = ϕ
F[8, 8, 7, 1, 8, 7] = 1
F[8, 8, 7, 3, 4, 5] = -ϕ
F[8, 8, 7, 3, 4, 7] = -ϕ
F[8, 8, 7, 3, 8, 5] = 1
F[8, 8, 7, 3, 8, 7] = ϕ
F[8, 8, 7, 5, 6, 3] = -ϕ
F[8, 8, 7, 5, 6, 7] = -ϕ
F[8, 8, 7, 5, 8, 3] = 1
F[8, 8, 7, 5, 8, 7] = ϕ
F[8, 8, 7, 7, 2, 1] = ϕ + 1
F[8, 8, 7, 7, 2, 3] = ϕ + 1
F[8, 8, 7, 7, 2, 5] = ϕ + 1
F[8, 8, 7, 7, 2, 7] = ϕ + 1
F[8, 8, 7, 7, 4, 1] = -ϕ
F[8, 8, 7, 7, 4, 3] = -ϕ - 1
F[8, 8, 7, 7, 4, 5] = -ϕ
F[8, 8, 7, 7, 4, 7] = -ϕ - 1
F[8, 8, 7, 7, 6, 1] = -ϕ
F[8, 8, 7, 7, 6, 3] = -ϕ
F[8, 8, 7, 7, 6, 5] = -ϕ - 1
F[8, 8, 7, 7, 6, 7] = -ϕ - 1
F[8, 8, 7, 7, 8, 1] = 1
F[8, 8, 7, 7, 8, 3] = ϕ
F[8, 8, 7, 7, 8, 5] = ϕ
F[8, 8, 7, 7, 8, 7] = ϕ + 1
F[8, 8, 8, 2, 7, 7] = 1
F[8, 8, 8, 4, 3, 5] = -ϕ
F[8, 8, 8, 4, 3, 7] = -ϕ
F[8, 8, 8, 4, 7, 5] = 1
F[8, 8, 8, 4, 7, 7] = ϕ
F[8, 8, 8, 6, 5, 3] = -ϕ
F[8, 8, 8, 6, 5, 7] = -ϕ
F[8, 8, 8, 6, 7, 3] = 1
F[8, 8, 8, 6, 7, 7] = ϕ
F[8, 8, 8, 8, 1, 1] = ϕ + 1
F[8, 8, 8, 8, 1, 3] = ϕ + 1
F[8, 8, 8, 8, 1, 5] = ϕ + 1
F[8, 8, 8, 8, 1, 7] = ϕ + 1
F[8, 8, 8, 8, 3, 1] = -ϕ
F[8, 8, 8, 8, 3, 3] = -ϕ - 1
F[8, 8, 8, 8, 3, 5] = -ϕ
F[8, 8, 8, 8, 3, 7] = -ϕ - 1
F[8, 8, 8, 8, 5, 1] = -ϕ
F[8, 8, 8, 8, 5, 3] = -ϕ
F[8, 8, 8, 8, 5, 5] = -ϕ - 1
F[8, 8, 8, 8, 5, 7] = -ϕ - 1
F[8, 8, 8, 8, 7, 1] = 1
F[8, 8, 8, 8, 7, 3] = ϕ
F[8, 8, 8, 8, 7, 5] = ϕ
F[8, 8, 8, 8, 7, 7] = ϕ + 1
